-2.775E-05	-5.396E-05
0.001	-0.004
0.009	-0.031
0.026	-0.114
0.03	-0.257
-0.012	-0.393
-0.098	-0.431
-0.165	-0.346
-0.159	-0.216
-0.096	-0.143
-0.04	-0.151
-0.025	-0.177
-0.035	-0.158
-0.035	-0.106
-0.005	-0.075
0.041	-0.102
0.065	-0.161
0.064	-0.126
0.071	0.118
0.116	0.501
0.176	0.793
0.203	0.813
0.187	0.52
0.161	-0.039
0.15	-0.713
0.132	-1.214
0.071	-1.295
-0.035	-0.931
-0.144	-0.365
-0.22	0.097
-0.265	0.297
-0.309	0.214
-0.363	-0.132
-0.407	-0.672
-0.426	-1.18
-0.449	-1.352
-0.492	-1.044
-0.52	-0.396
-0.469	0.315
-0.295	0.884
-0.022	1.21
0.295	1.289
0.624	1.21
0.949	1.07
1.222	0.863
1.36	0.54
1.311	0.165
1.127	-0.043
0.92	0.16
0.75	0.8
0.597	1.619
0.419	2.337
0.193	2.889
-0.097	3.234
-0.455	3.175
-0.835	2.581
-1.132	1.668
-1.256	0.861
-1.2	0.403
-1.033	0.27
-0.814	0.374
-0.575	0.68
-0.357	1.035
-0.199	1.103
-0.082	0.651
0.078	-0.199
0.329	-1.175
0.601	-2.152
0.8	-3.072
0.919	-3.77
0.992	-4.051
1.009	-3.857
0.923	-3.282
0.737	-2.523
0.525	-1.813
0.376	-1.336
0.335	-1.228
0.384	-1.56
0.449	-2.184
0.443	-2.678
0.322	-2.643
0.118	-2.074
-0.078	-1.302
-0.19	-0.612
-0.192	-0.056
-0.12	0.406
-0.066	0.75
-0.139	0.944
-0.37	1.011
-0.676	0.935
-0.953	0.589
-1.158	-0.163
-1.271	-1.325
-1.262	-2.707
-1.13	-3.961
-0.945	-4.672
-0.811	-4.631
-0.733	-4.064
-0.615	-3.494
-0.409	-3.307
-0.156	-3.548
0.098	-3.976
0.374	-4.218
0.723	-4.036
1.085	-3.529
1.314	-3.009
1.33	-2.647
1.186	-2.302
0.987	-1.693
0.77	-0.648
0.504	0.808
0.17	2.512
-0.197	4.19
-0.539	5.54
-0.819	6.388
-1.033	6.706
-1.172	6.473
-1.213	5.711
-1.149	4.669
-0.995	3.78
-0.813	3.401
-0.699	3.6
-0.713	4.1
-0.795	4.436
-0.791	4.316
-0.62	3.828
-0.361	3.233
-0.132	2.652
0.062	2.039
0.292	1.396
0.551	0.857
0.74	0.568
0.777	0.601
0.621	1.021
0.247	1.902
-0.321	3.217
-0.957	4.729
-1.508	6.009
-1.931	6.605
-2.254	6.256
-2.449	5.091
-2.458	3.665
-2.272	2.646
-1.968	2.36
-1.648	2.576
-1.3	2.798
-0.816	2.763
-0.14	2.481
0.676	1.901
1.514	0.898
2.276	-0.422
2.897	-1.685
3.288	-2.593
3.339	-3.178
3.046	-3.592
2.592	-3.768
2.229	-3.429
2.094	-2.414
2.129	-0.887
2.206	0.778
2.221	2.177
2.045	2.955
1.613	2.963
1.049	2.434
0.572	1.862
0.346	1.541
0.381	1.392
0.515	1.271
0.564	1.245
0.451	1.532
0.31	2.307
0.419	3.59
0.877	5.08
1.513	6.127
2.127	6.065
2.645	4.822
3.124	3.098
3.546	1.701
3.82	1.122
3.93	1.575
3.879	2.916
3.693	4.651
3.419	6.389
3.085	8.116
2.716	9.9
2.292	11.514
1.741	12.523
1.03	12.694
0.238	12.227
-0.485	11.541
-1.046	10.888
-1.447	10.27
-1.683	9.649
-1.737	9.072
-1.7	8.664
-1.735	8.6
-1.894	8.895
-2.031	9.223
-1.931	9.144
-1.531	8.512
-0.995	7.555
-0.52	6.725
-0.14	6.531
0.245	7.162
0.696	8.159
1.14	8.791
1.476	8.829
1.72	8.792
1.937	9.363
2.136	10.668
2.264	12.232
2.246	13.433
2.132	13.907
2.052	13.648
2.029	12.924
2.003	12.156
1.937	11.69
1.883	11.54
1.956	11.445
2.171	11.273
2.43	11.181
2.629	11.294
2.705	11.439
2.686	11.386
2.681	11.091
2.765	10.534
2.911	9.601
3.04	8.358
3.113	7.214
3.146	6.561
3.093	6.39
2.852	6.367
2.411	6.306
1.914	6.474
1.561	7.301
1.394	8.818
1.222	10.6
0.806	12.152
0.07	13.124
-0.775	13.315
-1.319	12.737
-1.275	11.712
-0.682	10.713
0.17	10.006
0.972	9.49
1.574	8.832
1.982	7.71
2.298	6.051
2.682	4.103
3.224	2.276
3.84	0.827
4.395	-0.288
4.821	-1.317
5.07	-2.544
5.127	-4.056
5.081	-5.56
5.027	-6.492
4.907	-6.445
4.625	-5.584
4.318	-4.567
4.288	-3.947
4.624	-3.851
5.05	-4.104
5.27	-4.406
5.257	-4.452
5.139	-4.105
4.996	-3.528
4.783	-3.024
4.438	-2.775
4.054	-2.653
3.773	-2.293
3.637	-1.449
3.554	-0.231
3.39	0.992
3.095	1.928
2.692	2.703
2.182	3.818
1.591	5.572
1.008	7.571
0.522	8.996
0.24	9.393
0.282	9.099
0.61	8.801
0.987	8.785
1.166	8.908
1.089	9.069
0.93	9.228
0.852	9.087
0.867	8.219
0.94	6.552
1.091	4.409
1.422	2.09
2.003	-0.336
2.682	-2.935
3.17	-5.765
3.338	-8.787
3.295	-11.805
3.205	-14.562
3.132	-16.983
3.075	-19.184
3.042	-21.127
3.001	-22.375
2.865	-22.418
2.624	-21.356
2.324	-20.023
1.989	-19.199
1.652	-19.005
1.376	-19.063
1.231	-19.005
1.147	-18.694
0.942	-18.032
0.552	-16.831
0.08	-15.084
-0.37	-13.21
-0.779	-11.837
-1.1	-11.361
-1.157	-11.77
-0.828	-12.826
-0.213	-14.353
0.503	-16.245
1.212	-18.265
1.952	-20.165
2.801	-21.995
3.799	-24
4.949	-26.275
6.149	-28.669
7.19	-30.891
7.906	-32.655
8.208	-33.843
8.067	-34.471
7.594	-34.453
7.081	-33.669
6.792	-32.363
6.714	-31.093
6.596	-30.231
6.229	-29.826
5.7	-29.89
5.299	-30.417
5.235	-31.159
5.529	-31.744
5.982	-32.078
6.291	-32.391
6.327	-32.834
6.221	-33.285
6.193	-33.586
6.354	-33.73
6.632	-33.75
6.942	-33.578
7.274	-33.165
7.59	-32.617
7.774	-32.027
7.715	-31.233
7.437	-30.011
7.123	-28.402
6.945	-26.448
6.928	-23.719
6.968	-19.563
6.948	-13.926
6.777	-7.585
6.433	-1.518
6.022	3.676
5.756	7.721
5.808	10.341
6.188	11.258
6.791	10.586
7.561	9.152
8.499	7.942
9.53	7.372
10.504	7.438
11.209	8.221
11.414	9.859
11.108	12.169
10.526	14.585
9.965	16.498
9.582	17.672
9.268	18.275
8.899	18.578
8.484	18.843
8.002	19.374
7.349	20.291
6.473	21.301
5.494	21.927
4.659	21.933
4.089	21.408
3.721	20.642
3.531	19.998
3.537	19.692
3.655	19.609
3.736	19.448
3.702	19.002
3.676	18.242
3.899	17.394
4.482	16.948
5.286	17.288
6.058	18.18
6.659	18.948
7.082	19.194
7.393	19.155
7.654	19.288
7.902	19.594
8.171	19.594
8.387	18.891
8.386	17.625
8.064	16.377
7.367	15.688
6.414	15.644
5.449	15.818
4.593	15.756
3.848	15.444
3.166	15.115
2.522	14.795
1.956	14.254
1.502	13.359
1.22	12.389
1.226	11.914
1.562	12.38
2.143	13.763
2.845	15.706
3.532	17.947
4.138	20.387
4.681	22.838
5.107	24.906
5.333	26.195
5.389	26.621
5.357	26.378
5.258	25.657
5.024	24.651
4.624	23.844
4.188	23.908
3.884	25.017
3.725	26.514
3.601	27.521
3.45	27.662
3.277	27.151
3.09	26.471
2.848	25.968
2.568	25.693
2.447	25.463
2.689	25.081
3.25	24.528
3.932	23.917
4.561	23.322
5.03	22.759
5.317	22.292
5.455	21.926
5.478	21.401
5.409	20.346
5.237	18.741
4.984	17.015
4.719	15.65
4.448	14.833
4.083	14.557
3.552	14.851
2.887	15.755
2.2	17.19
1.577	18.955
1.03	20.69
0.522	21.896
0.106	22.241
-0.109	21.819
-0.078	21.062
0.125	20.383
0.348	19.966
0.471	19.798
0.512	19.743
0.548	19.655
0.62	19.557
0.708	19.663
0.739	20.12
0.693	20.744
0.663	21.093
0.749	20.807
0.956	19.892
1.213	18.669
1.486	17.452
1.846	16.486
2.363	16.155
2.887	16.847
3.161	18.354
3.173	19.786
3.184	20.332
3.517	19.892
4.285	18.987
5.436	18.004
6.874	16.757
8.327	15.19
9.511	13.562
10.282	12.46
10.617	13.137
10.554	16.659
10.289	22.218
10.036	29.027
10.154	36.123
10.702	43.239
11.256	50.976
11.543	59.505
11.646	67.961
11.84	75.371
12.287	81.674
12.758	87.589
12.951	93.522
12.866	98.971
12.677	103.078
12.554	105.386
12.55	105.879
12.61	104.674
12.747	102.031
13.021	98.457
13.374	94.669
13.697	91.396
13.962	89.044
14.154	87.496
14.204	86.056
14.068	83.68
13.858	79.616
13.812	73.862
14.061	66.82
14.461	58.69
14.715	49.513
14.579	39.701
13.959	30.158
12.87	21.778
11.323	14.805
9.383	8.715
7.283	2.777
5.332	-3.273
3.711	-9.252
2.384	-15.171
1.196	-21.47
0.029	-28.613
-1.132	-36.796
-2.253	-46.044
-3.317	-56.136
-4.273	-66.315
-4.988	-75.424
-5.342	-82.586
-5.395	-87.733
-5.418	-91.504
-5.723	-94.721
-6.462	-97.838
-7.56	-100.725
-8.776	-103.093
-9.882	-105.114
-10.866	-107.358
-11.869	-109.984
-12.916	-112.268
-13.76	-113.212
-14.133	-112.557
-14.12	-110.879
-14.081	-108.703
-14.325	-106.025
-14.933	-102.75
-15.751	-98.964
-16.499	-94.685
-16.892	-89.803
-16.791	-84.451
-16.268	-79.179
-15.473	-74.518
-14.431	-70.451
-12.982	-66.504
-10.852	-62.401
-7.842	-58.453
-4.019	-55.252
0.357	-53.24
5.071	-52.654
10.033	-53.472
15.088	-55.137
19.881	-56.587
23.985	-56.886
27.135	-55.784
29.301	-53.469
30.656	-50.093
31.488	-45.956
32.023	-41.809
32.267	-38.317
32.059	-35.345
31.304	-32.302
30.135	-28.973
28.824	-25.505
27.619	-21.866
26.644	-17.975
25.861	-14.21
25.095	-11.227
24.157	-9.308
23.052	-8.315
22.075	-8.174
21.676	-8.945
22.125	-10.32
23.313	-11.543
24.914	-12.207
26.655	-12.794
28.507	-14.025
30.558	-15.888
32.776	-17.77
34.978	-19.382
36.896	-21.069
38.247	-23.149
38.855	-25.291
38.707	-26.777
37.892	-27.27
36.448	-27.157
34.222	-27.081
31.071	-27.143
27.148	-26.809
22.853	-25.601
18.669	-23.741
14.974	-22.129
11.864	-21.609
9.149	-22.151
6.57	-22.88
4.183	-23.066
2.277	-22.824
0.839	-22.64
-0.511	-22.488
-2.003	-21.849
-3.405	-20.378
-4.396	-18.193
-4.993	-15.765
-5.41	-13.891
-5.693	-13.541
-5.656	-15.206
-5.164	-18.304
-4.297	-21.952
-3.339	-25.923
-2.599	-30.477
-2.13	-35.853
-1.844	-42.208
-1.743	-49.603
-1.852	-57.834
-2.163	-66.669
-2.779	-76.237
-3.915	-86.778
-5.635	-98.022
-7.743	-109.134
-10.11	-119.206
-12.899	-127.476
-16.258	-133.181
-20.005	-135.699
-23.774	-135.088
-27.301	-132.164
-30.4	-127.866
-32.989	-122.813
-35.179	-117.351
-37.09	-111.449
-38.63	-104.486
-39.534	-95.701
-39.697	-85.111
-39.324	-73.589
-38.646	-61.667
-37.708	-48.724
-36.466	-33.79
-34.829	-16.898
-32.665	0.749
-29.905	17.897
-26.674	34.141
-23.311	49.593
-20.149	64.089
-17.293	77.23
-14.705	89.027
-12.373	99.938
-10.232	110.303
-8.098	120.209
-5.831	129.849
-3.469	139.588
-1.198	149.667
0.769	159.983
2.309	170.1
3.494	179.48
4.584	187.898
5.792	195.65
7.078	203.286
8.241	211.145
9.171	219.058
9.949	226.414
10.732	232.669
11.612	237.928
12.579	242.87
13.584	248.083
14.596	253.731
15.613	259.866
16.676	266.598
17.854	273.642
19.211	279.966
20.721	284.308
22.228	286.088
23.548	285.509
24.606	282.723
25.528	277.32
26.473	269.027
27.454	258.626
28.319	247.54
28.839	236.659
28.867	225.988
28.436	215.217
27.734	204.2
26.936	192.939
26.05	181.374
25.04	169.398
24.02	157.151
23.214	145.147
22.788	133.799
22.725	122.916
22.861	111.877
22.997	100.161
22.947	87.519
22.582	73.989
21.949	60.087
21.314	46.669
20.958	34.263
20.885	22.716
20.799	11.679
20.423	1.161
19.812	-8.598
19.224	-17.622
18.777	-26.359
18.33	-35.281
17.689	-44.421
16.86	-53.474
16.046	-62.336
15.412	-71.276
14.934	-80.526
14.51	-89.95
14.128	-99.201
13.804	-108.055
13.467	-116.388
13.062	-123.863
12.666	-129.875
12.367	-134.034
12.143	-136.638
11.993	-138.493
11.962	-140.278
11.95	-142.256
11.731	-144.514
11.267	-147.109
10.84	-149.826
10.759	-152.093
11.056	-153.437
11.596	-153.984
12.319	-154.271
13.206	-154.633
14.092	-155.035
14.728	-155.396
15.059	-155.629
15.252	-155.341
15.481	-154.13
15.847	-152.307
16.45	-150.699
17.295	-149.69
18.083	-148.914
18.347	-147.829
17.886	-146.182
16.968	-143.887
16.053	-140.922
15.436	-137.44
15.065	-133.742
14.684	-130.05
14.124	-126.372
13.399	-122.588
12.627	-118.682
11.869	-114.82
11.09	-111.172
10.343	-107.727
9.82	-104.382
9.629	-101.201
9.694	-98.421
9.828	-96.156
9.857	-94.279
9.674	-92.611
9.202	-91.023
8.385	-89.327
7.29	-87.276
6.165	-84.737
5.318	-81.758
4.9	-78.495
4.815	-75.147
4.849	-71.921
4.841	-68.932
4.734	-66.124
4.505	-63.472
4.083	-61.255
3.366	-59.956
2.329	-59.782
1.002	-60.408
-0.58	-61.403
-2.325	-62.7
-4.182	-64.36
-6.194	-66.197
-8.393	-68.006
-10.699	-69.959
-12.851	-72.335
-14.587	-74.958
-15.849	-77.259
-16.664	-78.885
-16.98	-79.899
-16.747	-80.418
-16.103	-80.359
-15.349	-79.649
-14.739	-78.432
-14.301	-76.862
-13.955	-74.846
-13.632	-72.171
-13.284	-68.779
-12.894	-64.847
-12.425	-60.645
-11.837	-56.424
-11.108	-52.404
-10.233	-48.649
-9.262	-44.857
-8.213	-40.541
-6.955	-35.551
-5.323	-30.259
-3.343	-25.151
-1.225	-20.398
0.81	-15.864
2.721	-11.36
4.636	-6.729
6.642	-1.81
8.655	3.517
10.517	9.304
12.161	15.626
13.619	22.488
14.872	29.481
15.816	35.781
16.389	40.808
16.66	44.679
16.715	47.739
16.587	49.829
16.348	50.437
16.062	49.519
15.618	47.795
14.777	46.031
13.478	44.565
11.944	43.62
10.561	43.429
9.638	43.867
9.193	44.396
9.073	44.665
9.163	44.956
9.399	45.722
9.62	46.866
9.571	47.823
9.101	48.095
8.338	47.484
7.58	46.154
6.987	44.671
6.473	43.741
5.823	43.626
4.856	43.902
3.527	43.929
1.98	43.374
0.357	42.082
-1.322	39.847
-3.079	36.51
-4.852	32.039
-6.41	26.472
-7.486	19.98
-7.982	12.975
-7.945	6.107
-7.466	0.133
-6.697	-4.429
-5.835	-7.734
-5.045	-10.599
-4.419	-13.821
-4.011	-17.517
-3.855	-21.226
-3.895	-24.609
-3.944	-27.862
-3.788	-31.305
-3.346	-34.662
-2.734	-37.031
-2.149	-37.675
-1.64	-36.638
-1.044	-34.557
-0.241	-32.106
0.696	-30.032
1.614	-29.191
2.382	-29.891
2.989	-31.406
3.562	-32.722
4.215	-33.665
5.047	-34.881
5.968	-36.85
6.709	-39.307
7.191	-41.698
7.667	-43.81
8.548	-45.737
10.097	-47.476
12.123	-48.928
14.157	-50.219
15.927	-51.572
17.468	-52.804
18.852	-53.411
20.049	-53.314
21.12	-53.003
22.313	-52.542
23.793	-50.967
25.395	-47.2
26.851	-41.135
28.127	-33.405
29.285	-24.45
30.11	-14.235
30.291	-2.535
29.862	10.799
29.117	25.504
28.268	40.62
27.336	54.918
26.259	67.747
25.024	79.173
23.678	89.356
22.277	98.269
20.826	105.969
19.242	112.547
17.496	117.707
15.712	120.917
14.014	122.12
12.397	121.922
10.833	120.948
9.316	119.466
7.652	117.894
5.538	117.243
2.898	118.604
-0.161	122.236
-3.685	127.439
-7.986	133.174
-13.418	138.628
-19.891	143.455
-26.854	147.788
-33.605	151.966
-39.492	155.919
-44.127	159.008
-47.478	160.715
-49.697	161.141
-51.061	160.637
-52	159.505
-52.879	158.173
-53.667	156.942
-53.945	155.279
-53.354	152.013
-51.942	146.649
-49.905	140.083
-47.285	133.699
-44.118	128.097
-40.696	123.123
-37.438	118.681
-34.654	114.915
-32.539	111.892
-31.171	109.608
-30.375	108.128
-29.792	107.384
-29.251	106.814
-28.938	105.442
-29.019	102.548
-29.266	98.25
-29.215	93.338
-28.631	88.46
-27.605	83.645
-26.084	78.618
-23.843	73.29
-20.934	67.801
-17.72	62.318
-14.463	57.017
-11.149	52.015
-7.754	47.047
-4.47	41.394
-1.496	34.389
1.206	25.91
3.847	16.243
6.579	5.534
9.326	-6.411
11.798	-19.902
13.702	-35.199
14.974	-52.446
15.874	-71.297
16.846	-90.59
18.223	-108.989
20.072	-126.186
22.303	-143.086
24.865	-160.486
27.847	-177.895
31.391	-194.093
35.47	-208.551
39.78	-221.69
43.951	-233.839
47.895	-244.596
51.857	-253.364
56.032	-260.061
60.274	-265.088
64.344	-268.952
68.311	-271.941
72.469	-273.94
77.007	-274.503
81.976	-273.122
87.408	-269.375
93.218	-263.153
99.082	-254.94
104.609	-245.627
109.585	-236.042
113.947	-226.859
117.547	-218.634
120.097	-211.594
121.396	-205.624
121.398	-200.672
120.032	-196.869
117.331	-193.985
113.703	-191.169
109.757	-187.575
105.78	-182.884
101.617	-177.023
97.117	-169.864
92.286	-161.468
87.064	-152.186
81.356	-142.299
75.302	-131.944
69.282	-121.491
63.663	-111.502
58.661	-102.014
54.411	-92.387
50.95	-82.238
48	-72.041
44.939	-62.459
41.206	-53.552
36.72	-44.906
31.806	-36.054
26.778	-26.545
21.658	-16.042
16.31	-4.61
10.697	7.395
4.944	19.916
-0.847	33.353
-6.825	47.801
-13.281	62.408
-20.265	75.955
-27.482	87.98
-34.59	98.886
-41.426	109.158
-47.99	118.97
-54.284	128.442
-60.156	137.668
-65.371	146.32
-69.947	153.581
-74.267	158.711
-78.674	161.682
-83.027	163.225
-86.88	164.211
-90.066	164.979
-92.786	165.329
-95.138	165.139
-96.934	164.824
-98.032	165.112
-98.56	166.49
-98.662	168.874
-98.238	171.838
-97.112	175.102
-95.396	178.678
-93.458	182.592
-91.635	186.808
-90.042	191.426
-88.658	196.543
-87.494	201.758
-86.641	206.303
-86.246	209.955
-86.479	213.335
-87.405	217.102
-88.932	221.329
-90.899	225.689
-93.231	229.622
-95.893	232.256
-98.686	232.808
-101.214	231.197
-103.158	227.921
-104.488	223.497
-105.445	218.331
-106.219	212.766
-106.61	206.83
-106.231	200.124
-105.008	192.132
-103.23	182.415
-101.138	170.624
-98.58	156.77
-95.22	141.574
-90.995	126.207
-86.171	111.361
-80.972	96.756
-75.362	81.809
-69.266	66.568
-62.879	51.674
-56.544	37.651
-50.362	24.521
-44.171	11.851
-37.893	-0.977
-31.697	-14.389
-25.798	-28.406
-20.232	-42.868
-14.87	-57.709
-9.519	-72.795
-3.982	-87.58
1.853	-101.298
7.945	-113.635
14.198	-124.856
20.574	-135.077
27.077	-143.654
33.696	-149.674
40.455	-152.954
47.444	-154.297
54.671	-154.81
61.942	-155.282
68.97	-156.049
75.572	-156.859
81.758	-156.934
87.583	-155.751
92.924	-153.743
97.488	-151.668
101.123	-149.365
104.055	-145.85
106.685	-140.681
109.117	-134.559
111.031	-128.501
112.006	-122.932
111.928	-117.784
111.007	-113.062
109.44	-108.92
107.241	-105.398
104.475	-102.425
101.433	-100.015
98.422	-98.094
95.522	-96.254
92.66	-94.114
89.787	-91.77
86.847	-89.502
83.705	-87.265
80.256	-84.898
76.572	-82.471
72.895	-79.957
69.483	-76.838
66.51	-72.507
64.023	-66.939
61.937	-60.622
60.093	-53.941
58.344	-46.873
56.564	-39.162
54.602	-30.598
52.41	-21.162
50.193	-11.088
48.31	-0.942
46.997	8.504
46.201	16.833
45.667	24.312
45.16	31.368
44.58	37.872
43.953	43.373
43.458	47.83
43.338	51.518
43.662	54.196
44.214	55.076
44.705	54.026
45	52.342
45.138	51.645
45.247	52.279
45.44	53.213
45.633	53.288
45.565	52.094
45.105	49.713
44.323	46.258
43.211	41.828
41.584	36.552
39.338	30.478
36.677	23.486
33.993	15.364
31.614	6.052
29.716	-4.209
28.366	-15.022
27.577	-25.989
27.336	-36.603
27.639	-46.3
28.462	-54.945
29.764	-62.945
31.529	-70.51
33.672	-77.159
35.927	-82.381
37.97	-86.536
39.74	-90.64
41.516	-95.349
43.555	-100.437
45.741	-105.206
47.688	-109.076
49.104	-111.801
49.96	-113.36
50.336	-113.744
50.283	-112.84
49.881	-110.628
49.271	-107.489
48.559	-104.229
47.668	-101.571
46.345	-99.522
44.399	-97.385
41.807	-94.393
38.627	-90.245
34.875	-85.08
30.479	-79.117
25.38	-72.477
19.625	-65.393
13.345	-58.381
6.661	-52.009
-0.414	-46.573
-7.899	-42.183
-15.703	-39.027
-23.62	-37.306
-31.439	-36.881
-38.987	-37.182
-46.09	-37.56
-52.589	-37.796
-58.408	-38.209
-63.562	-39.201
-68.096	-40.855
-72.066	-43.052
-75.547	-45.728
-78.588	-48.831
-81.169	-52.22
-83.242	-55.787
-84.767	-59.631
-85.712	-63.937
-86.097	-68.708
-86.018	-73.755
-85.572	-78.97
-84.795	-84.38
-83.713	-89.85
-82.393	-94.982
-80.89	-99.44
-79.219	-103.157
-77.413	-106.147
-75.57	-108.356
-73.805	-109.811
-72.201	-110.774
-70.834	-111.569
-69.777	-112.182
-69.039	-112.123
-68.587	-110.996
-68.398	-109.183
-68.489	-107.509
-68.897	-106.27
-69.511	-104.968
-70.18	-103.008
-70.828	-100.4
-71.425	-97.601
-72.069	-94.889
-72.842	-92.025
-73.671	-88.369
-74.468	-83.211
-75.21	-76.17
-75.91	-67.484
-76.531	-57.912
-76.898	-48.214
-76.816	-38.758
-76.267	-29.6
-75.435	-20.766
-74.586	-12.295
-73.885	-4.026
-73.274	4.419
-72.54	13.277
-71.429	22.281
-69.768	30.896
-67.566	39.035
-64.917	47.353
-61.801	56.608
-58.145	66.838
-54.03	77.328
-49.704	87.329
-45.345	96.626
-40.895	105.353
-36.22	113.487
-31.327	120.835
-26.369	127.405
-21.515	133.415
-16.88	138.916
-12.483	143.78
-8.196	148.141
-3.787	152.523
0.902	157.281
5.847	162.117
10.985	166.427
16.373	170.028
22.111	173.158
28.145	175.816
34.275	177.489
40.331	177.677
46.193	176.508
51.655	174.662
56.417	172.867
60.269	171.614
63.236	171.13
65.532	171.241
67.406	171.226
69.006	170.16
70.41	167.5
71.701	163.215
72.944	157.555
74.152	150.966
75.191	144.034
75.827	137.258
75.884	130.851
75.291	124.675
74.075	118.298
72.307	111.229
70	103.31
67.076	94.829
63.488	86.239
59.358	77.941
54.936	70.303
50.387	63.562
45.667	57.574
40.693	51.778
35.536	45.606
30.393	38.963
25.398	32.208
20.546	25.628
15.826	19.042
11.376	11.938
7.404	3.802
3.967	-5.65
0.942	-16.323
-1.784	-27.77
-4.179	-39.442
-6.162	-50.858
-7.756	-61.588
-9.071	-71.361
-10.196	-80.213
-11.189	-88.323
-12.096	-95.712
-12.895	-102.234
-13.448	-107.792
-13.577	-112.409
-13.201	-116.16
-12.361	-119.125
-11.158	-121.367
-9.751	-122.885
-8.369	-123.58
-7.148	-123.294
-5.967	-122.036
-4.552	-120.113
-2.76	-117.904
-0.72	-115.516
1.285	-112.717
3.052	-109.234
4.539	-104.99
5.735	-99.986
6.552	-94.182
6.863	-87.72
6.662	-81.076
6.153	-74.622
5.597	-68.064
5.115	-60.689
4.658	-52.24
4.119	-43.201
3.516	-34.106
3.018	-25.01
2.696	-15.88
2.344	-7.045
1.694	1.141
0.722	8.775
-0.402	16.22
-1.517	23.629
-2.459	30.842
-2.987	37.606
-2.973	43.729
-2.604	49.01
-2.263	53.178
-2.204	56.179
-2.396	58.561
-2.615	61.165
-2.649	64.206
-2.447	67.079
-2.108	69.175
-1.796	70.391
-1.697	70.738
-2.045	70.071
-3.062	68.503
-4.824	66.591
-7.231	64.751
-10.061	62.887
-13.102	60.731
-16.208	58.302
-19.294	55.813
-22.301	53.299
-25.159	50.53
-27.864	47.263
-30.533	43.59
-33.269	40.027
-36.037	37.228
-38.713	35.506
-41.239	34.747
-43.668	34.881
-46.049	36.156
-48.339	38.691
-50.429	42.079
-52.239	45.71
-53.778	49.33
-55.063	53.062
-56.039	57.046
-56.612	61.227
-56.704	65.366
-56.248	69.105
-55.195	72.179
-53.577	74.755
-51.556	77.371
-49.346	80.379
-47.036	83.557
-44.517	86.36
-41.654	88.474
-38.461	90.039
-35.067	91.303
-31.546	92.215
-27.819	92.616
-23.73	92.745
-19.203	93.178
-14.292	94.254
-9.15	95.783
-3.967	97.338
1.12	98.741
6.056	100.112
10.839	101.376
15.513	101.963
20.13	101.328
24.668	99.625
29.014	97.627
33.019	95.958
36.542	94.55
39.467	92.864
41.769	90.515
43.536	87.569
44.879	84.329
45.874	81.048
46.56	77.807
46.962	74.494
47.1	70.921
46.975	67.075
46.576	63.103
45.939	58.929
45.112	54.027
44.082	47.858
42.78	40.483
41.128	32.569
39.055	24.808
36.524	17.481
33.605	10.526
30.466	3.826
27.243	-2.647
23.971	-8.911
20.624	-15.043
17.188	-21.088
13.695	-27.006
10.196	-32.748
6.717	-38.275
3.311	-43.595
0.138	-48.911
-2.589	-54.618
-4.736	-60.959
-6.273	-67.798
-7.24	-74.879
-7.788	-82.214
-8.209	-90.069
-8.759	-98.623
-9.409	-107.688
-9.879	-116.737
-9.954	-125.232
-9.645	-133.014
-9.021	-140.268
-8.06	-147.017
-6.715	-152.913
-5.01	-157.625
-3.034	-161.146
-0.926	-163.608
1.108	-165.024
2.865	-165.359
4.258	-164.78
5.353	-163.705
6.252	-162.576
6.989	-161.588
7.531	-160.703
7.865	-159.964
8.02	-159.765
7.955	-160.586
7.59	-162.339
6.992	-164.353
6.371	-166.181
5.966	-167.813
5.833	-169.264
5.834	-170.401
5.808	-171.162
5.652	-171.55
5.39	-171.446
5.189	-170.742
5.235	-169.607
5.619	-168.312
6.278	-166.892
7.071	-165.263
7.909	-163.591
8.705	-162.281
9.29	-161.457
9.487	-160.663
9.282	-159.239
8.798	-156.928
8.064	-153.96
6.948	-150.627
5.298	-146.923
3.103	-142.603
0.514	-137.506
-2.313	-131.696
-5.318	-125.277
-8.44	-118.183
-11.49	-110.267
-14.186	-101.518
-16.389	-92.125
-18.266	-82.461
-20.151	-73.057
-22.226	-64.339
-24.418	-56.28
-26.581	-48.502
-28.695	-40.755
-30.8	-33.043
-32.808	-25.309
-34.552	-17.428
-35.949	-9.636
-36.973	-2.478
-37.551	3.887
-37.621	9.899
-37.267	15.909
-36.682	21.664
-36.062	26.727
-35.565	31.064
-35.298	34.9
-35.251	38.231
-35.296	40.874
-35.319	42.946
-35.256	44.953
-35.014	47.383
-34.516	50.438
-33.806	54.161
-32.991	58.551
-32.091	63.441
-31.064	68.461
-29.985	73.324
-29.058	78.063
-28.4	82.856
-27.912	87.769
-27.413	92.782
-26.843	97.824
-26.296	102.62
-25.849	106.689
-25.432	109.666
-24.927	111.547
-24.36	112.583
-23.898	113.103
-23.625	113.489
-23.406	114.012
-23	114.571
-22.316	114.831
-21.501	114.702
-20.779	114.545
-20.269	114.838
-20.004	115.737
-20.022	116.931
-20.369	117.819
-20.929	117.797
-21.456	116.471
-21.83	113.804
-22.154	110.033
-22.634	105.454
-23.48	100.366
-24.726	95.089
-26.118	89.866
-27.348	84.906
-28.24	80.573
-28.784	77.324
-29.026	75.303
-28.986	74.172
-28.732	73.458
-28.415	72.948
-28.15	72.632
-27.966	72.39
-27.873	71.914
-27.888	70.898
-28.052	69.248
-28.375	67.143
-28.771	64.914
-29.104	62.799
-29.297	60.805
-29.353	58.766
-29.31	56.416
-29.16	53.379
-28.901	49.365
-28.665	44.437
-28.654	38.862
-28.967	32.674
-29.549	25.727
-30.272	18.22
-31.019	10.859
-31.681	4.371
-32.19	-0.993
-32.626	-5.407
-33.213	-9.082
-34.072	-12.073
-35.006	-14.418
-35.577	-16.293
-35.432	-18.003
-34.563	-19.927
-33.251	-22.38
-31.808	-25.394
-30.424	-28.71
-29.135	-31.924
-27.929	-34.582
-26.832	-36.342
-25.81	-37.268
-24.775	-37.823
-23.741	-38.377
-22.841	-38.87
-22.156	-39.059
-21.61	-38.858
-21.058	-38.409
-20.468	-38.033
-19.928	-38.121
-19.549	-38.847
-19.421	-39.928
-19.561	-40.824
-19.898	-41.085
-20.288	-40.505
-20.604	-39.224
-20.83	-37.692
-20.994	-36.22
-21.116	-34.525
-21.158	-32.06
-21.021	-28.823
-20.641	-25.547
-20.022	-23.002
-19.195	-21.422
-18.19	-20.718
-17.021	-20.818
-15.657	-21.518
-14.096	-22.342
-12.476	-22.902
-11.024	-23.163
-9.92	-23.211
-9.164	-23.032
-8.599	-22.71
-8.094	-22.511
-7.621	-22.511
-7.183	-22.37
-6.825	-21.661
-6.574	-20.243
-6.375	-18.158
-6.139	-15.546
-5.777	-12.71
-5.35	-9.919
-5.019	-7.087
-4.884	-3.921
-5.016	-0.4
-5.424	3.09
-5.96	6.119
-6.41	8.538
-6.635	10.442
-6.635	12.03
-6.485	13.61
-6.213	15.525
-5.834	17.827
-5.414	20.084
-5.028	21.685
-4.711	22.277
-4.451	21.835
-4.206	20.632
-3.931	19.185
-3.555	17.982
-2.989	17.15
-2.222	16.494
-1.349	15.809
-0.551	15.025
0.031	14.035
0.43	12.651
0.771	10.906
1.104	9.275
1.407	8.374
1.623	8.437
1.682	9.195
1.505	10.242
1.041	11.385
0.387	12.58
-0.27	13.921
-0.787	15.714
-1.121	18.313
-1.375	21.691
-1.669	25.303
-1.954	28.453
-2.06	30.838
-1.896	32.712
-1.532	34.59
-1.088	36.776
-0.644	39.135
-0.276	41.331
-0.103	43.199
-0.211	44.74
-0.55	45.766
-0.97	45.869
-1.374	44.98
-1.829	43.788
-2.47	43.189
-3.322	43.472
-4.238	44.282
-4.976	45.235
-5.381	46.116
-5.51	46.566
-5.434	46.12
-5.13	44.64
-4.584	42.298
-3.831	39.118
-2.955	35.046
-2.002	30.303
-0.958	25.299
0.105	20.175
1.1	14.742
2.068	8.923
3.076	2.92
4.096	-3.11
5.038	-9.264
5.871	-15.714
6.707	-22.487
7.675	-29.536
8.765	-36.848
9.87	-44.361
10.938	-51.879
12.015	-59.178
13.108	-66.098
14.095	-72.506
14.814	-78.283
15.164	-83.463
15.094	-88.318
14.598	-93.178
13.762	-98.132
12.738	-102.96
11.657	-107.331
10.581	-110.919
9.527	-113.446
8.525	-114.871
7.668	-115.513
7.09	-115.787
6.846	-115.852
6.836	-115.655
6.877	-115.227
6.837	-114.763
6.7	-114.549
6.565	-114.844
6.556	-115.676
6.737	-116.614
7.139	-116.935
7.751	-116.133
8.406	-114.259
8.873	-111.745
9.049	-109.04
9.019	-106.548
9.005	-104.533
9.145	-103.052
9.467	-102.045
9.937	-101.365
10.4	-100.711
10.66	-99.754
10.586	-98.413
10.192	-96.862
9.696	-95.163
9.371	-93.089
9.318	-90.431
9.451	-87.32
9.655	-84.032
9.858	-80.603
10.04	-76.811
10.192	-72.362
10.318	-66.991
10.421	-60.635
10.441	-53.649
10.272	-46.657
9.885	-40.065
9.359	-33.843
8.806	-27.767
8.264	-21.704
7.682	-15.701
6.967	-9.981
6.037	-4.867
4.902	-0.626
3.734	2.663
2.759	5.183
2.044	7.325
1.465	9.5
0.895	11.942
0.336	14.703
-0.141	17.802
-0.459	21.313
-0.556	25.119
-0.411	28.634
-0.086	31.085
0.32	32.178
0.755	32.26
1.22	31.853
1.693	31.32
2.102	30.996
2.374	31.188
2.46	31.886
2.332	32.844
1.966	34.073
1.405	35.929
0.786	38.58
0.193	41.59
-0.431	44.156
-1.258	45.74
-2.374	46.368
-3.665	46.373
-4.93	46.05
-5.994	45.602
-6.708	45.165
-6.972	44.659
-6.814	43.788
-6.488	42.331
-6.309	40.282
-6.472	37.75
-6.979	34.756
-7.604	31.206
-8.103	27.033
-8.374	22.305
-8.471	17.201
-8.533	11.905
-8.647	6.522
-8.834	1.058
-9.116	-4.569
-9.464	-10.428
-9.771	-16.459
-9.927	-22.543
-9.866	-28.615
-9.587	-34.559
-9.161	-40.118
-8.66	-45.187
-8.1	-50.009
-7.485	-54.777
-6.898	-59.248
-6.517	-63.034
-6.48	-66.08
-6.737	-68.555
-7.097	-70.455
-7.371	-71.599
-7.417	-71.915
-7.161	-71.542
-6.634	-70.719
-5.967	-69.766
-5.318	-69.074
-4.797	-68.909
-4.455	-69.193
-4.227	-69.549
-3.941	-69.53
-3.506	-68.86
-2.989	-67.639
-2.504	-66.325
-2.115	-65.365
-1.897	-64.799
-1.982	-64.301
-2.468	-63.655
-3.296	-63.017
-4.251	-62.608
-5.035	-62.382
-5.403	-62.059
-5.288	-61.327
-4.847	-59.971
-4.304	-57.969
-3.796	-55.565
-3.401	-53.076
-3.074	-50.563
-2.628	-47.833
-1.842	-44.773
-0.588	-41.613
1.013	-38.768
2.618	-36.397
3.905	-34.182
4.717	-31.614
5.055	-28.464
5.01	-24.955
4.684	-21.484
4.143	-18.221
3.444	-14.962
2.688	-11.308
2.019	-6.947
1.519	-1.79
1.134	4.031
0.732	10.175
0.263	16.201
-0.15	21.85
-0.273	27.161
0.031	32.222
0.65	36.818
1.335	40.52
1.933	43.142
2.437	44.96
2.841	46.403
3.1	47.646
3.258	48.617
3.481	49.364
3.916	50.233
4.553	51.655
5.268	53.896
5.979	57.036
6.686	60.971
7.405	65.305
8.119	69.421
8.804	72.778
9.459	75.105
10.043	76.323
10.443	76.386
10.577	75.337
10.498	73.516
10.298	71.465
10.01	69.622
9.646	68.279
9.28	67.66
8.989	67.828
8.755	68.437
8.501	68.889
8.231	68.888
7.981	68.609
7.719	68.295
7.384	67.949
7.002	67.476
6.714	66.838
6.644	66.005
6.81	64.907
7.193	63.543
7.773	62.126
8.501	61.061
9.271	60.63
9.955	60.69
10.423	60.913
10.617	61.3
10.622	62.127
10.611	63.358
10.636	64.466
10.599	64.891
10.375	64.538
9.858	63.813
8.987	63.234
7.747	63.014
6.227	62.979
4.641	62.793
3.174	62.148
1.802	60.793
0.415	58.54
-0.966	55.397
-2.181	51.693
-3.064	47.979
-3.603	44.632
-3.923	41.517
-4.129	38.123
-4.247	34.026
-4.262	29.237
-4.176	24.145
-4.079	19.23
-4.091	14.826
-4.236	11.03
-4.442	7.667
-4.615	4.32
-4.726	0.543
-4.837	-3.807
-5.023	-8.457
-5.29	-12.966
-5.588	-17.037
-5.88	-20.637
-6.172	-23.895
-6.473	-26.969
-6.785	-30.035
-7.143	-33.322
-7.577	-36.913
-8.025	-40.388
-8.36	-42.872
-8.531	-43.632
-8.623	-42.582
-8.761	-40.266
-8.969	-37.367
-9.204	-34.415
-9.53	-31.755
-10.003	-29.339
-10.524	-26.711
-10.908	-23.388
-11.064	-19.285
-11.104	-14.875
-11.175	-10.929
-11.24	-7.986
-11.139	-5.956
-10.775	-4.348
-10.209	-2.947
-9.63	-2.129
-9.287	-2.352
-9.376	-3.538
-9.868	-5.288
-10.466	-7.549
-10.728	-10.579
-10.378	-14.503
-9.496	-19.281
-8.392	-24.846
-7.356	-31.077
-6.457	-37.808
-5.542	-44.97
-4.45	-52.447
-3.163	-59.675
-1.772	-65.716
-0.373	-70.032
0.982	-73.046
2.286	-75.548
3.569	-77.735
4.812	-79.243
5.877	-79.919
6.544	-79.957
6.676	-79.398
6.364	-78.189
5.891	-76.728
5.485	-75.841
5.207	-76.169
4.985	-77.655
4.682	-79.606
4.181	-81.221
3.384	-81.934
2.276	-81.713
0.972	-81.219
-0.32	-81.186
-1.355	-81.682
-1.994	-82.261
-2.292	-82.62
-2.491	-82.78
-2.757	-82.84
-3.03	-82.934
-3.242	-83.29
-3.411	-83.943
-3.479	-84.447
-3.255	-84.202
-2.637	-83.095
-1.762	-81.648
-0.828	-80.498
0.116	-80.009
1.102	-80.306
2.125	-81.234
3.136	-82.37
4.122	-83.33
5.083	-84.099
5.923	-85.03
6.509	-86.433
6.814	-88.249
6.937	-90.203
7.024	-92.161
7.126	-94.19
7.128	-96.361
6.951	-98.536
6.727	-100.33
6.639	-101.304
6.677	-101.224
6.64	-100.183
6.408	-98.478
6.028	-96.294
5.524	-93.488
4.817	-89.747
3.885	-84.851
2.878	-78.926
2.019	-72.426
1.43	-65.8
1.096	-59.166
0.967	-52.351
1.045	-45.255
1.405	-38.046
2.081	-30.939
2.983	-23.914
3.953	-16.729
4.837	-9.193
5.479	-1.301
5.718	6.901
5.496	15.457
4.936	24.351
4.301	33.328
3.838	41.927
3.647	49.672
3.655	56.318
3.715	61.991
3.805	67.01
4.083	71.568
4.66	75.764
5.415	79.867
6.103	84.27
6.592	89.022
6.937	93.651
7.205	97.632
7.349	100.877
7.353	103.672
7.356	106.405
7.481	109.493
7.611	113.288
7.548	117.836
7.344	122.788
7.296	127.603
7.583	131.808
8.072	135.224
8.493	138.075
8.664	140.785
8.543	143.568
8.143	146.306
7.447	148.867
6.434	151.357
5.12	153.912
3.618	156.404
2.155	158.561
0.962	160.25
0.164	161.466
-0.192	162.227
-0.061	162.656
0.555	162.929
1.489	162.957
2.444	162.385
3.175	161.018
3.671	158.975
4.078	156.314
4.508	152.809
4.96	148.311
5.363	143.149
5.632	137.846
5.659	132.476
5.319	126.636
4.572	120.074
3.525	113.052
2.376	106.096
1.31	99.66
0.452	93.918
-0.07	88.637
-0.104	83.329
0.381	77.708
1.153	71.842
1.842	65.83
2.24	59.679
2.409	53.549
2.486	47.697
2.503	42.035
2.402	36.154
2.136	29.905
1.731	23.603
1.281	17.49
0.893	11.465
0.623	5.563
0.496	0.374
0.55	-3.327
0.785	-5.279
1.065	-6.007
1.167	-6.487
0.994	-7.428
0.758	-8.814
0.792	-10.285
1.116	-11.861
1.393	-13.989
1.363	-16.907
1.067	-20.31
0.612	-23.733
-0.036	-27.048
-0.907	-30.601
-1.806	-35.065
-2.434	-41.11
-2.669	-48.853
-2.635	-57.557
-2.497	-66.18
-2.255	-74.284
-1.761	-82.124
-0.93	-90.017
0.099	-98.094
1.039	-106.471
1.725	-115.005
2.248	-122.877
2.764	-128.973
3.269	-132.792
3.621	-134.586
3.729	-134.662
3.653	-133.093
3.565	-130.319
3.614	-127.36
3.805	-125.183
3.959	-124.205
3.818	-124.103
3.214	-124.14
2.21	-123.818
1.09	-123.293
0.286	-123.095
0.043	-123.562
0.143	-124.562
0.177	-125.615
-0.01	-126.103
-0.267	-125.603
-0.324	-124.299
-0.1	-122.698
0.305	-120.799
0.838	-118.036
1.458	-114.017
2.076	-108.727
2.627	-101.86
3.081	-92.681
3.431	-80.931
3.64	-67.369
3.66	-53.044
3.617	-38.421
3.767	-23.559
4.188	-8.798
4.685	5.253
4.958	18.288
4.811	30.431
4.294	41.855
3.681	52.67
3.298	63.02
3.354	73.015
3.873	82.625
4.744	91.772
5.781	100.431
6.797	108.605
7.771	116.354
8.916	123.987
10.45	132.015
12.317	140.657
14.202	149.364
15.824	157.072
17.159	163.079
18.346	167.515
19.468	170.827
20.514	173.078
21.458	174.013
22.256	173.619
22.818	172.399
23.127	171.055
23.352	169.859
23.656	168.307
23.964	165.51
24.083	160.99
24.013	154.927
23.908	147.648
23.796	139.128
23.544	129.072
23.107	117.314
22.613	103.985
22.141	89.316
21.587	73.427
20.88	56.449
20.16	38.828
19.616	21.369
19.245	4.862
18.813	-10.316
18.058	-24.199
16.896	-36.959
15.447	-48.715
13.837	-59.474
11.984	-69.099
9.721	-77.369
7.057	-84.138
4.157	-89.454
1.102	-93.613
-2.124	-97.048
-5.488	-99.984
-8.968	-102.214
-12.669	-103.365
-16.705	-103.359
-21	-102.525
-25.287	-101.281
-29.244	-99.801
-32.583	-97.987
-35.079	-95.651
-36.623	-92.692
-37.257	-89.133
-37.117	-85.147
-36.366	-81.241
-35.143	-78.306
-33.554	-77.039
-31.686	-77.169
-29.581	-77.541
-27.231	-77.154
-24.587	-75.818
-21.571	-73.784
-18.192	-71.226
-14.649	-68.276
-11.285	-65.206
-8.355	-62.362
-5.828	-60.024
-3.554	-58.319
-1.53	-57.044
0.172	-55.596
1.639	-53.159
3.023	-49.063
4.216	-43.093
4.82	-35.627
4.502	-27.393
3.297	-19.034
1.532	-10.866
-0.566	-2.913
-3.117	4.968
-6.398	12.897
-10.449	20.745
-14.907	28.14
-19.196	34.75
-22.829	40.548
-25.603	45.809
-27.58	50.911
-28.909	56.032
-29.708	61.003
-29.997	65.578
-29.631	69.787
-28.348	73.711
-26.015	76.983
-22.781	78.928
-18.939	79.271
-14.722	78.343
-10.244	76.404
-5.609	73.112
-1.009	67.911
3.323	60.875
7.214	53.001
10.517	45.651
13.108	39.679
14.905	34.957
15.826	30.723
15.878	26.407
15.326	21.885
14.672	16.981
14.32	11.225
14.285	4.379
14.333	-3.14
14.334	-10.617
14.33	-17.636
14.347	-24.191
14.303	-30.279
14.136	-35.615
13.907	-39.934
13.755	-43.531
13.812	-47.136
14.197	-51.147
14.985	-55.308
16.127	-59.241
17.448	-62.859
18.736	-66.149
19.742	-68.942
20.149	-71.048
19.77	-72.392
18.784	-72.975
17.582	-72.983
16.319	-72.864
14.837	-72.996
12.969	-73.352
10.793	-73.747
8.522	-74.317
6.257	-75.49
4.001	-77.542
1.841	-80.452
-0.068	-84.057
-1.641	-88.029
-2.912	-91.845
-3.898	-95.053
-4.478	-97.578
-4.509	-99.695
-4.05	-101.67
-3.369	-103.465
-2.767	-104.807
-2.474	-105.477
-2.58	-105.394
-2.99	-104.59
-3.443	-103.303
-3.631	-101.884
-3.394	-100.467
-2.817	-98.956
-2.079	-97.288
-1.404	-95.389
-1.099	-92.945
-1.42	-89.555
-2.373	-85.134
-3.628	-79.996
-4.747	-74.609
-5.52	-69.333
-5.944	-64.256
-6.004	-59.229
-5.702	-54.092
-5.207	-48.832
-4.777	-43.454
-4.44	-37.854
-3.907	-31.982
-2.927	-26.01
-1.548	-20.145
0.034	-14.425
1.702	-8.862
3.41	-3.643
5.042	0.98
6.403	4.909
7.37	8.321
7.949	11.628
8.142	15.271
7.857	19.471
7.07	24.194
5.948	29.321
4.698	34.742
3.291	40.346
1.487	46.06
-0.917	51.966
-3.964	58.247
-7.534	64.942
-11.356	71.857
-15.166	78.753
-18.871	85.424
-22.424	91.521
-25.597	96.512
-28.122	99.979
-29.982	101.852
-31.312	102.26
-32.044	101.461
-31.956	100.032
-31.023	98.719
-29.498	97.845
-27.591	97.174
-25.271	96.517
-22.387	96.045
-18.845	95.872
-14.699	95.803
-10.11	95.713
-5.218	95.832
-0.207	96.487
4.529	97.771
8.61	99.663
12.099	102.367
15.431	106.25
18.782	111.244
21.74	116.533
23.777	121.161
24.871	124.785
25.491	127.516
26.007	129.339
26.329	130.074
26.205	129.696
25.693	128.467
25.086	126.763
24.492	124.807
23.742	122.574
22.699	119.93
21.518	116.846
20.467	113.389
19.565	109.5
18.646	104.992
17.68	99.878
16.852	94.49
16.386	89.122
16.295	83.757
16.307	78.336
16.123	72.985
15.718	67.66
15.328	61.756
15.135	54.441
15.076	45.463
15.023	35.452
15.015	25.42
15.175	16.121
15.51	7.812
15.926	0.238
16.386	-7.236
16.927	-15.165
17.552	-23.539
18.18	-31.811
18.685	-39.418
18.978	-46.179
19.081	-52.216
19.096	-57.677
19.053	-62.75
18.827	-67.856
18.282	-73.395
17.45	-79.301
16.476	-85.202
15.414	-91.052
14.162	-97.167
12.611	-103.626
10.799	-109.987
8.873	-115.652
6.986	-120.348
5.208	-124.243
3.533	-127.752
1.965	-131.168
0.561	-134.329
-0.625	-136.723
-1.601	-137.997
-2.442	-138.257
-3.193	-137.846
-3.822	-136.971
-4.3	-135.659
-4.683	-134.012
-5.063	-132.31
-5.481	-130.697
-5.868	-128.871
-6.088	-126.251
-6.08	-122.482
-5.895	-117.656
-5.615	-112.123
-5.266	-106.216
-4.845	-100.185
-4.42	-94.257
-4.123	-88.612
-4.04	-83.343
-4.127	-78.474
-4.26	-73.889
-4.374	-69.185
-4.495	-63.838
-4.626	-57.709
-4.714	-51.281
-4.791	-45.201
-5.026	-39.614
-5.52	-34.082
-6.126	-28.114
-6.555	-21.623
-6.636	-14.84
-6.454	-8.012
-6.225	-1.331
-6.068	5.048
-5.934	11.038
-5.72	16.561
-5.37	21.499
-4.856	25.863
-4.165	29.898
-3.334	33.885
-2.429	37.892
-1.471	41.757
-0.419	45.159
0.757	47.749
1.993	49.367
3.165	50.052
4.199	49.741
5.119	48.202
5.95	45.389
6.619	41.684
7.068	37.679
7.327	33.672
7.416	29.555
7.311	25.224
6.96	20.945
6.33	17.194
5.459	14.247
4.485	12.068
3.643	10.521
3.127	9.546
2.971	9.102
3.092	8.995
3.395	8.92
3.749	8.749
3.961	8.748
3.914	9.383
3.673	10.809
3.403	12.626
3.227	14.219
3.169	15.24
3.22	15.819
3.387	16.401
3.683	17.361
4.136	18.779
4.752	20.522
5.394	22.38
5.834	24.074
5.969	25.309
5.899	26.025
5.781	26.476
5.695	26.878
5.701	27.175
5.913	27.304
6.399	27.423
7.056	27.655
7.661	27.75
8.042	27.187
8.208	25.626
8.345	23.193
8.686	20.243
9.373	16.995
10.403	13.524
11.631	9.93
12.876	6.364
14.016	2.914
14.998	-0.435
15.826	-3.697
16.521	-6.75
16.982	-9.334
16.991	-11.15
16.458	-12.016
15.609	-11.97
14.81	-11.203
14.264	-9.867
13.962	-8.075
13.804	-6.118
13.694	-4.563
13.488	-3.887
13.059	-4.01
12.414	-4.318
11.672	-4.176
10.992	-3.347
10.466	-1.933
10.03	-0.168
9.507	1.683
8.734	3.39
7.677	4.892
6.416	6.358
5.022	8.053
3.527	10.086
2.002	12.212
0.577	13.889
-0.608	14.617
-1.44	14.262
-1.881	13.126
-2.035	11.705
-2.085	10.357
-2.218	9.113
-2.471	7.717
-2.74	5.911
-2.96	3.678
-3.135	1.15
-3.294	-1.592
-3.396	-4.491
-3.328	-7.39
-3.08	-10.084
-2.781	-12.414
-2.529	-14.272
-2.305	-15.597
-2.067	-16.389
-1.825	-16.672
-1.591	-16.491
-1.292	-16.036
-0.817	-15.577
-0.117	-15.185
0.799	-14.722
1.874	-14.114
3.019	-13.466
4.108	-12.936
5.042	-12.602
5.798	-12.426
6.377	-12.322
6.775	-12.274
7.046	-12.353
7.281	-12.54
7.521	-12.645
7.723	-12.502
7.815	-12.122
7.78	-11.59
7.668	-10.9
7.56	-10.014
7.489	-8.993
7.35	-7.942
6.953	-6.871
6.216	-5.75
5.201	-4.7
4.017	-4.042
2.753	-4.039
1.455	-4.62
0.118	-5.417
-1.315	-6.11
-2.924	-6.616
-4.723	-6.963
-6.647	-7.212
-8.646	-7.566
-10.681	-8.304
-12.702	-9.502
-14.691	-11.006
-16.69	-12.644
-18.747	-14.268
-20.795	-15.623
-22.626	-16.331
-24.073	-16.115
-25.211	-15.067
-26.27	-13.625
-27.37	-12.234
-28.435	-11.105
-29.292	-10.266
-29.821	-9.623
-30.032	-8.861
-30.043	-7.525
-29.985	-5.366
-29.849	-2.583
-29.505	0.316
-28.82	2.884
-27.769	4.929
-26.424	6.38
-24.863	7.034
-23.171	6.615
-21.404	5.122
-19.526	2.945
-17.495	0.56
-15.353	-1.808
-13.278	-4.198
-11.457	-6.616
-9.911	-8.891
-8.512	-10.848
-7.08	-12.51
-5.503	-14.075
-3.772	-15.731
-1.888	-17.552
0.175	-19.451
2.384	-21.234
4.589	-22.754
6.6	-24.091
8.274	-25.48
9.523	-27.002
10.287	-28.326
10.578	-28.86
10.492	-28.225
10.139	-26.659
9.546	-24.797
8.752	-23
7.894	-21.243
7.084	-19.453
6.292	-17.688
5.404	-16.067
4.358	-14.658
3.178	-13.442
1.923	-12.311
0.633	-11.081
-0.655	-9.569
-1.851	-7.755
-2.832	-5.847
-3.539	-4.125
-4.002	-2.731
-4.264	-1.652
-4.377	-0.9
-4.469	-0.5
-4.655	-0.305
-4.877	-0.012
-4.92	0.506
-4.642	1.026
-4.119	1.25
-3.549	1.171
-3.051	1.046
-2.633	1.04
-2.316	1.027
-2.169	0.729
-2.205	-0.035
-2.338	-1.186
-2.5	-2.44
-2.706	-3.519
-2.997	-4.318
-3.375	-4.854
-3.786	-5.155
-4.115	-5.245
-4.247	-5.166
-4.127	-4.951
-3.745	-4.611
-3.116	-4.166
-2.285	-3.672
-1.354	-3.241
-0.415	-3.071
0.512	-3.415
1.453	-4.411
2.43	-5.929
3.413	-7.614
4.376	-9.119
5.312	-10.322
6.149	-11.35
6.751	-12.414
6.986	-13.645
6.813	-15.008
6.347	-16.322
5.787	-17.391
5.295	-18.133
4.991	-18.559
4.945	-18.627
5.127	-18.246
5.414	-17.489
5.701	-16.645
5.95	-15.968
6.164	-15.52
6.324	-15.318
6.393	-15.462
6.369	-15.986
6.27	-16.679
6.096	-17.169
5.8	-17.187
5.306	-16.756
4.62	-16.113
3.836	-15.417
2.985	-14.611
2.003	-13.597
0.838	-12.416
-0.429	-11.184
-1.627	-9.93
-2.66	-8.525
-3.508	-6.725
-4.171	-4.292
-4.675	-1.15
-5.052	2.574
-5.325	6.624
-5.497	10.728
-5.552	14.672
-5.502	18.281
-5.414	21.35
-5.342	23.633
-5.232	24.945
-4.946	25.226
-4.405	24.57
-3.685	23.312
-2.928	21.934
-2.204	20.828
-1.518	20.19
-0.812	20.062
-0.058	20.382
0.72	20.953
1.495	21.426
2.267	21.425
3.057	20.756
3.879	19.497
4.722	17.918
5.535	16.313
6.184	14.853
6.47	13.543
6.277	12.308
5.665	11.068
4.812	9.725
3.88	8.196
2.947	6.521
2.007	4.892
1.016	3.522
-0.064	2.431
-1.241	1.427
-2.437	0.38
-3.478	-0.555
-4.215	-1.096
-4.617	-1.135
-4.708	-0.701
-4.509	0.203
-4.092	1.548
-3.617	3.146
-3.241	4.735
-3.034	6.174
-3.01	7.452
-3.17	8.491
-3.414	9.086
-3.525	9.043
-3.368	8.289
-3.028	6.932
-2.675	5.143
-2.397	3.012
-2.19	0.522
-2.052	-2.386
-2.04	-5.642
-2.185	-8.931
-2.394	-11.895
-2.494	-14.465
-2.376	-16.895
-2.071	-19.412
-1.712	-21.917
-1.392	-24.062
-1.117	-25.522
-0.875	-26.11
-0.668	-25.747
-0.46	-24.537
-0.221	-22.78
0.028	-20.723
0.209	-18.468
0.265	-16.114
0.197	-13.845
0.026	-11.836
-0.227	-10.11
-0.553	-8.487
-0.962	-6.631
-1.487	-4.171
-2.138	-0.845
-2.854	3.431
-3.497	8.571
-3.959	14.372
-4.233	20.557
-4.389	26.756
-4.486	32.494
-4.541	37.263
-4.565	40.712
-4.605	42.758
-4.685	43.578
-4.74	43.534
-4.664	43.046
-4.407	42.389
-4.009	41.57
-3.58	40.491
-3.236	39.128
-3.018	37.512
-2.868	35.708
-2.692	33.816
-2.517	31.912
-2.492	30.003
-2.696	28.037
-3.067	25.901
-3.514	23.488
-4.018	20.848
-4.577	18.245
-5.112	16.043
-5.487	14.589
-5.626	14.122
-5.537	14.619
-5.289	15.697
-4.958	16.838
-4.623	17.683
-4.335	17.997
-4.102	17.604
-3.914	16.546
-3.745	15.165
-3.551	13.888
-3.287	13.035
-2.943	12.718
-2.625	12.743
-2.475	12.773
-2.524	12.693
-2.681	12.698
-2.867	12.976
-3.022	13.492
-3.065	14.087
-2.942	14.62
-2.721	15.003
-2.573	15.214
-2.631	15.33
-2.909	15.498
-3.347	15.904
-3.884	16.703
-4.472	17.919
-5.094	19.337
-5.792	20.542
-6.595	21.096
-7.456	20.781
-8.294	19.771
-9.055	18.428
-9.692	16.938
-10.152	15.248
-10.343	13.285
-10.23	11.116
-9.896	8.902
-9.415	6.806
-8.814	4.998
-8.149	3.659
-7.518	2.913
-7.008	2.745
-6.626	3.024
-6.324	3.597
-6.085	4.331
-5.909	5.114
-5.773	5.874
-5.699	6.598
-5.735	7.293
-5.873	7.996
-6.05	8.826
-6.227	9.908
-6.438	11.18
-6.732	12.367
-7.098	13.236
-7.499	13.787
-7.904	14.18
-8.271	14.538
-8.544	14.87
-8.701	15.106
-8.778	15.15
-8.815	14.896
-8.84	14.221
-8.867	13.035
-8.896	11.381
-8.889	9.454
-8.794	7.45
-8.586	5.351
-8.219	3.006
-7.606	0.429
-6.7	-2.148
-5.575	-4.551
-4.4	-6.828
-3.322	-9.028
-2.402	-10.964
-1.686	-12.349
-1.219	-13.101
-0.977	-13.391
-0.843	-13.434
-0.679	-13.357
-0.446	-13.266
-0.234	-13.283
-0.159	-13.406
-0.263	-13.426
-0.545	-13.096
-0.972	-12.39
-1.449	-11.534
-1.838	-10.813
-2.047	-10.401
-2.12	-10.332
-2.215	-10.524
-2.458	-10.824
-2.867	-11.076
-3.392	-11.118
-3.949	-10.759
-4.433	-9.933
-4.745	-8.925
-4.862	-8.239
-4.879	-8.191
-4.902	-8.722
-4.906	-9.603
-4.815	-10.677
-4.638	-11.863
-4.448	-13.08
-4.28	-14.192
-4.113	-15.028
-3.926	-15.448
-3.753	-15.412
-3.626	-14.982
-3.522	-14.326
-3.417	-13.697
-3.333	-13.293
-3.333	-13.092
-3.45	-12.932
-3.63	-12.749
-3.781	-12.596
-3.856	-12.398
-3.895	-11.859
-3.974	-10.688
-4.121	-8.825
-4.311	-6.428
-4.511	-3.674
-4.706	-0.701
-4.877	2.305
-4.984	5.108
-4.971	7.577
-4.796	9.752
-4.475	11.759
-4.088	13.685
-3.724	15.522
-3.455	17.219
-3.318	18.816
-3.288	20.491
-3.266	22.4
-3.151	24.495
-2.939	26.511
-2.711	28.104
-2.542	29.014
-2.471	29.145
-2.519	28.5
-2.668	27.091
-2.84	24.97
-2.923	22.332
-2.876	19.474
-2.767	16.619
-2.697	13.839
-2.725	11.161
-2.845	8.644
-2.996	6.322
-3.111	4.172
-3.176	2.178
-3.203	0.377
-3.189	-1.231
-3.134	-2.687
-3.07	-3.903
-3.028	-4.642
-2.985	-4.771
-2.9	-4.397
-2.8	-3.698
-2.759	-2.769
-2.802	-1.742
-2.892	-0.909
-2.989	-0.563
-3.114	-0.73
-3.283	-1.12
-3.459	-1.369
-3.579	-1.302
-3.621	-0.973
-3.61	-0.533
-3.572	-0.088
-3.495	0.304
-3.353	0.524
-3.139	0.383
-2.916	-0.247
-2.776	-1.311
-2.715	-2.629
-2.614	-4.034
-2.375	-5.478
-2.04	-6.986
-1.711	-8.559
-1.445	-10.132
-1.263	-11.631
-1.196	-13.029
-1.248	-14.312
-1.336	-15.472
-1.343	-16.525
-1.218	-17.46
-0.988	-18.158
-0.702	-18.456
-0.405	-18.348
-0.124	-18.029
0.132	-17.669
0.38	-17.242
0.627	-16.611
0.826	-15.638
0.928	-14.189
0.935	-12.183
0.869	-9.722
0.709	-7.097
0.404	-4.569
-0.07	-2.165
-0.683	0.318
-1.406	3.072
-2.22	6.038
-3.065	8.943
-3.834	11.541
-4.439	13.766
-4.876	15.673
-5.202	17.272
-5.454	18.423
-5.633	18.946
-5.708	18.824
-5.632	18.31
-5.377	17.732
-4.977	17.18
-4.544	16.549
-4.174	15.824
-3.861	15.149
-3.547	14.639
-3.214	14.251
-2.903	13.859
-2.658	13.312
-2.477	12.418
-2.357	11.029
-2.34	9.258
-2.447	7.533
-2.628	6.318
-2.798	5.805
-2.907	5.864
-2.967	6.277
-3.013	6.91
-3.051	7.633
-3.067	8.163
-3.057	8.182
-3.03	7.65
-2.984	6.911
-2.914	6.388
-2.838	6.253
-2.78	6.442
-2.726	6.811
-2.645	7.203
-2.534	7.426
-2.42	7.3
-2.326	6.802
-2.247	6.114
-2.177	5.516
-2.142	5.236
-2.194	5.364
-2.354	5.796
-2.596	6.292
-2.898	6.674
-3.24	6.914
-3.564	6.999
-3.785	6.887
-3.855	6.619
-3.833	6.4
-3.819	6.49
-3.858	7.027
-3.924	7.947
-3.958	9.043
-3.912	10.042
-3.783	10.686
-3.571	10.829
-3.296	10.484
-2.996	9.827
-2.682	9.104
-2.37	8.502
-2.12	8.106
-2.016	7.921
-2.095	7.869
-2.302	7.821
-2.534	7.686
-2.698	7.47
-2.75	7.218
-2.728	6.945
-2.709	6.637
-2.758	6.297
-2.89	5.983
-3.077	5.832
-3.272	6.004
-3.424	6.507
-3.492	7.098
-3.469	7.411
-3.376	7.235
-3.248	6.687
-3.112	6.09
-2.994	5.701
-2.916	5.602
-2.875	5.788
-2.857	6.206
-2.849	6.739
-2.836	7.239
-2.8	7.593
-2.739	7.758
-2.718	7.772
-2.817	7.751
-3.037	7.852
-3.297	8.213
-3.519	8.935
-3.693	10.093
-3.838	11.643
-3.973	13.299
-4.117	14.663
-4.282	15.561
-4.429	16.111
-4.475	16.443
-4.362	16.509
-4.11	16.264
-3.793	15.869
-3.504	15.518
-3.304	15.149
-3.164	14.545
-2.979	13.633
-2.654	12.531
-2.168	11.349
-1.522	10.078
-0.729	8.668
0.155	7.139
1.048	5.573
1.864	4.079
2.532	2.746
2.994	1.635
3.223	0.76
3.241	0.121
3.094	-0.271
2.827	-0.426
2.495	-0.418
2.13	-0.331
1.702	-0.168
1.159	0.101
0.478	0.448
-0.312	0.814
-1.159	1.18
-2.016	1.533
-2.843	1.829
-3.588	2.056
-4.169	2.308
-4.507	2.687
-4.58	3.166
-4.402	3.667
-4.008	4.195
-3.464	4.819
-2.857	5.547
-2.25	6.276
-1.639	6.886
-0.996	7.292
-0.331	7.423
0.316	7.188
0.913	6.551
1.442	5.614
1.875	4.574
2.171	3.623
2.292	2.951
2.187	2.776
1.809	3.204
1.183	4.049
0.427	4.966
-0.303	5.701
-0.901	6.153
-1.32	6.244
-1.564	5.93
-1.656	5.385
-1.661	4.986
-1.647	5.003
-1.617	5.38
-1.519	5.845
-1.302	6.116
-0.972	6.022
-0.566	5.567
-0.103	4.881
0.403	4.079
0.912	3.239
1.391	2.48
1.813	1.948
2.147	1.721
2.372	1.805
2.494	2.208
2.555	2.924
2.6	3.859
2.644	4.825
2.676	5.644
2.692	6.225
2.676	6.568
2.603	6.724
2.448	6.761
2.189	6.738
1.823	6.678
1.398	6.557
0.994	6.358
0.665	6.124
0.422	5.939
0.26	5.811
0.172	5.628
0.131	5.283
0.088	4.776
0.013	4.209
-0.072	3.705
-0.121	3.36
-0.095	3.178
0.03	3.051
0.25	2.842
0.523	2.467
0.785	1.942
1.003	1.362
1.181	0.822
1.318	0.337
1.402	-0.128
1.437	-0.548
1.447	-0.812
1.444	-0.83
1.431	-0.626
1.418	-0.275
1.41	0.226
1.388	0.943
1.323	1.882
1.221	2.957
1.121	4.069
1.056	5.149
1.042	6.184
1.082	7.245
1.188	8.398
1.361	9.576
1.546	10.595
1.646	11.331
1.616	11.827
1.511	12.211
1.425	12.543
1.395	12.775
1.395	12.817
1.385	12.572
1.337	11.966
1.233	11.038
1.086	9.978
0.97	9.017
0.978	8.313
1.13	7.905
1.347	7.724
1.503	7.623
1.53	7.459
1.459	7.163
1.359	6.749
1.269	6.247
1.185	5.711
1.092	5.231
0.98	4.921
0.844	4.893
0.694	5.22
0.532	5.88
0.357	6.756
0.198	7.69
0.101	8.471
0.1	8.864
0.21	8.767
0.439	8.339
0.781	7.831
1.178	7.364
1.539	6.956
1.827	6.677
2.061	6.606
2.245	6.669
2.347	6.699
2.363	6.616
2.341	6.452
2.305	6.217
2.214	5.865
2.024	5.368
1.75	4.739
1.427	4.008
1.092	3.283
0.797	2.802
0.612	2.814
0.562	3.33
0.6	4.044
0.663	4.595
0.719	4.818
0.742	4.722
0.73	4.434
0.718	4.167
0.742	4.14
0.788	4.424
0.812	4.942
0.81	5.6
0.79	6.368
0.724	7.214
0.589	8.035
0.431	8.725
0.319	9.298
0.259	9.889
0.198	10.609
0.114	11.428
0.028	12.233
-0.047	12.937
-0.122	13.497
-0.184	13.868
-0.194	13.996
-0.122	13.868
0.051	13.524
0.319	13.011
0.659	12.368
1.03	11.671
1.398	11.047
1.739	10.62
2.039	10.472
2.286	10.596
2.456	10.862
2.523	11.048
2.471	10.975
2.311	10.64
2.09	10.187
1.853	9.745
1.618	9.356
1.367	9.043
1.085	8.84
0.798	8.735
0.564	8.632
0.402	8.38
0.283	7.852
0.178	7.019
0.091	5.925
0.049	4.612
0.057	3.09
0.102	1.396
0.166	-0.384
0.236	-2.147
0.313	-3.789
0.421	-5.193
0.596	-6.252
0.853	-6.921
1.15	-7.201
1.395	-7.106
1.496	-6.675
1.404	-6.023
1.149	-5.343
0.849	-4.86
0.587	-4.714
0.336	-4.815
0.002	-4.829
-0.474	-4.407
-1.068	-3.457
-1.715	-2.155
-2.376	-0.75
-3.042	0.574
-3.667	1.649
-4.159	2.282
-4.414	2.391
-4.38	2.092
-4.104	1.573
-3.686	0.918
-3.233	0.135
-2.831	-0.688
-2.502	-1.407
-2.216	-1.969
-1.931	-2.431
-1.61	-2.805
-1.259	-2.986
-0.917	-2.892
-0.637	-2.554
-0.467	-2.006
-0.407	-1.228
-0.411	-0.254
-0.454	0.797
-0.549	1.863
-0.723	3.031
-0.998	4.418
-1.352	6.004
-1.737	7.62
-2.105	9.07
-2.42	10.243
-2.662	11.139
-2.825	11.773
-2.903	12.06
-2.9	11.848
-2.841	11.067
-2.783	9.795
-2.794	8.163
-2.909	6.274
-3.091	4.219
-3.263	2.067
-3.362	-0.175
-3.354	-2.487
-3.219	-4.744
-2.96	-6.724
-2.634	-8.21
-2.344	-9.081
-2.164	-9.334
-2.082	-9.038
-2.037	-8.276
-2.011	-7.118
-2.011	-5.603
-2.04	-3.738
-2.091	-1.53
-2.161	0.982
-2.269	3.73
-2.449	6.679
-2.708	9.802
-3.025	12.974
-3.368	15.95
-3.7	18.485
-3.973	20.4
-4.103	21.536
-4.026	21.766
-3.762	21.119
-3.414	19.85
-3.094	18.223
-2.886	16.342
-2.793	14.246
-2.743	11.987
-2.644	9.565
-2.461	6.861
-2.21	3.732
-1.897	0.163
-1.504	-3.692
-1.043	-7.614
-0.565	-11.423
-0.122	-14.963
0.257	-18.065
0.536	-20.593
0.677	-22.482
0.675	-23.722
0.593	-24.371
0.514	-24.58
0.477	-24.512
0.469	-24.244
0.473	-23.837
0.49	-23.473
0.503	-23.391
0.466	-23.688
0.331	-24.222
0.106	-24.701
-0.166	-24.832
-0.435	-24.376
-0.656	-23.202
-0.785	-21.363
-0.809	-19.087
-0.78	-16.689
-0.779	-14.437
-0.831	-12.445
-0.89	-10.673
-0.867	-9.036
-0.706	-7.519
-0.435	-6.14
-0.138	-4.877
0.139	-3.735
0.403	-2.872
0.669	-2.532
0.924	-2.794
1.152	-3.44
1.348	-4.156
1.516	-4.771
1.652	-5.261
1.725	-5.618
1.695	-5.806
1.557	-5.858
1.338	-5.95
1.058	-6.275
0.711	-6.854
0.284	-7.571
-0.208	-8.294
-0.698	-8.905
-1.11	-9.274
-1.402	-9.291
-1.587	-8.901
-1.701	-8.086
-1.76	-6.832
-1.775	-5.143
-1.77	-3.027
-1.744	-0.497
-1.66	2.421
-1.467	5.631
-1.138	8.972
-0.672	12.341
-0.076	15.779
0.608	19.368
1.304	23.009
1.947	26.366
2.511	29.08
2.992	30.981
3.375	32.085
3.617	32.428
3.69	32.017
3.621	30.964
3.475	29.533
3.291	28.02
3.069	26.689
2.79	25.764
2.447	25.326
2.04	25.183
1.538	24.942
0.922	24.283
0.227	23.148
-0.48	21.651
-1.135	19.921
-1.689	18.117
-2.095	16.489
-2.313	15.281
-2.342	14.586
-2.228	14.343
-2.025	14.467
-1.784	14.89
-1.558	15.501
-1.378	16.148
-1.25	16.724
-1.151	17.19
-1.037	17.522
-0.861	17.697
-0.596	17.722
-0.242	17.652
0.156	17.554
0.526	17.465
0.798	17.389
0.922	17.31
0.88	17.203
0.701	17.051
0.46	16.86
0.234	16.691
0.035	16.641
-0.189	16.719
-0.495	16.775
-0.91	16.637
-1.43	16.309
-2.027	15.965
-2.614	15.763
-3.077	15.715
-3.343	15.745
-3.395	15.783
-3.254	15.814
-2.952	15.85
-2.54	15.893
-2.112	15.9
-1.751	15.791
-1.476	15.492
-1.265	15.006
-1.075	14.468
-0.846	14.069
-0.531	13.931
-0.144	14.074
0.228	14.482
0.46	15.134
0.475	15.964
0.309	16.852
0.073	17.715
-0.123	18.574
-0.231	19.486
-0.279	20.432
-0.334	21.316
-0.468	22.034
-0.737	22.518
-1.138	22.763
-1.582	22.774
-1.94	22.534
-2.139	22.026
-2.211	21.303
-2.239	20.486
-2.277	19.649
-2.315	18.801
-2.319	18
-2.272	17.39
-2.164	17.06
-1.976	16.928
-1.69	16.83
-1.324	16.692
-0.943	16.559
-0.639	16.482
-0.49	16.437
-0.529	16.37
-0.722	16.276
-1.006	16.193
-1.325	16.132
-1.635	16.067
-1.918	15.986
-2.19	15.904
-2.473	15.808
-2.768	15.655
-3.044	15.445
-3.268	15.244
-3.412	15.108
-3.423	15.056
-3.23	15.098
-2.799	15.228
-2.184	15.448
-1.5	15.822
-0.849	16.469
-0.27	17.462
0.264	18.78
0.782	20.363
1.297	22.151
1.81	24.049
2.307	25.902
2.767	27.564
3.132	29.001
3.354	30.319
3.45	31.659
3.479	33.028
3.504	34.25
3.572	35.112
3.688	35.527
3.82	35.538
3.942	35.229
4.045	34.664
4.103	33.939
4.053	33.199
3.837	32.529
3.471	31.83
3.043	30.876
2.638	29.524
2.284	27.842
1.93	26.046
1.493	24.324
0.938	22.703
0.299	21.085
-0.356	19.416
-0.963	17.777
-1.474	16.299
-1.835	15.038
-2.004	14.015
-2.011	13.321
-1.941	13.081
-1.849	13.308
-1.71	13.826
-1.486	14.375
-1.204	14.771
-0.94	14.952
-0.735	14.932
-0.574	14.733
-0.443	14.384
-0.359	13.986
-0.332	13.733
-0.341	13.808
-0.369	14.261
-0.411	14.965
-0.461	15.694
-0.497	16.218
-0.509	16.392
-0.521	16.189
-0.571	15.694
-0.695	15.058
-0.88	14.457
-1.053	14.049
-1.134	13.907
-1.118	14.019
-1.08	14.35
-1.085	14.859
-1.131	15.396
-1.174	15.697
-1.186	15.552
-1.177	14.98
-1.18	14.209
-1.201	13.467
-1.196	12.841
-1.102	12.337
-0.91	12.019
-0.661	11.969
-0.411	12.187
-0.218	12.603
-0.138	13.175
-0.188	13.887
-0.334	14.656
-0.521	15.296
-0.703	15.669
-0.861	15.79
-1.01	15.787
-1.197	15.798
-1.448	15.931
-1.72	16.228
-1.932	16.637
-2.026	17.028
-1.976	17.248
-1.776	17.13
-1.441	16.533
-1.031	15.444
-0.639	14.028
-0.336	12.542
-0.127	11.176
0.046	9.994
0.239	8.95
0.461	8
0.691	7.153
0.892	6.439
1.031	5.89
1.103	5.561
1.11	5.492
1.057	5.652
0.972	5.98
0.909	6.441
0.908	7.001
0.952	7.581
0.973	8.076
0.915	8.419
0.774	8.666
0.583	8.999
0.391	9.606
0.215	10.554
0.033	11.759
-0.175	13.052
-0.402	14.282
-0.625	15.385
-0.829	16.374
-1.024	17.249
-1.219	17.963
-1.408	18.465
-1.572	18.74
-1.702	18.762
-1.793	18.452
-1.829	17.776
-1.781	16.798
-1.642	15.636
-1.44	14.378
-1.222	13.08
-1.02	11.824
-0.83	10.698
-0.622	9.7
-0.362	8.714
-0.049	7.611
0.277	6.401
0.58	5.204
0.836	4.131
1.022	3.292
1.106	2.838
1.07	2.885
0.962	3.377
0.869	4.11
0.842	4.88
0.874	5.565
0.91	6.093
0.896	6.418
0.805	6.511
0.644	6.353
0.452	5.962
0.296	5.45
0.216	5.014
0.197	4.844
0.204	5.007
0.213	5.392
0.213	5.782
0.204	5.989
0.195	5.953
0.194	5.74
0.196	5.435
0.176	5.077
0.119	4.709
0.036	4.455
-0.045	4.446
-0.081	4.707
-0.047	5.172
0.044	5.776
0.153	6.437
0.251	6.986
0.332	7.274
0.393	7.313
0.406	7.257
0.34	7.243
0.204	7.291
0.05	7.397
-0.078	7.643
-0.193	8.161
-0.339	8.965
-0.531	9.885
-0.739	10.669
-0.935	11.148
-1.115	11.297
-1.278	11.193
-1.404	10.902
-1.469	10.448
-1.472	9.881
-1.426	9.332
-1.346	8.927
-1.233	8.671
-1.06	8.475
-0.787	8.279
-0.406	8.087
0.028	7.889
0.425	7.574
0.719	6.99
0.914	6.087
1.061	4.942
1.193	3.673
1.319	2.425
1.442	1.421
1.54	0.918
1.559	1.032
1.464	1.63
1.289	2.42
1.102	3.146
0.936	3.669
0.771	3.945
0.597	3.995
0.442	3.9
0.332	3.816
0.252	3.911
0.154	4.243
0.012	4.696
-0.146	5.096
-0.249	5.354
-0.249	5.474
-0.123	5.432
0.137	5.143
0.523	4.595
1.009	3.955
1.538	3.455
2.047	3.166
2.497	2.941
2.869	2.611
3.17	2.151
3.417	1.623
3.612	1.081
3.73	0.569
3.723	0.125
3.537	-0.278
3.155	-0.704
2.641	-1.145
2.114	-1.526
1.692	-1.804
1.418	-1.988
1.266	-2.03
1.198	-1.819
1.199	-1.317
1.269	-0.637
1.392	0.084
1.523	0.824
1.617	1.637
1.666	2.542
1.69	3.49
1.712	4.461
1.746	5.526
1.78	6.744
1.773	8.064
1.692	9.338
1.529	10.395
1.304	11.094
1.043	11.365
0.79	11.246
0.603	10.884
0.535	10.445
0.605	10.032
0.788	9.709
1.033	9.539
1.277	9.549
1.478	9.666
1.653	9.726
1.866	9.576
2.167	9.168
2.551	8.556
2.978	7.817
3.408	7
3.795	6.166
4.097	5.399
4.288	4.735
4.355	4.147
4.29	3.614
4.085	3.178
3.751	2.882
3.334	2.68
2.889	2.492
2.446	2.322
2.002	2.255
1.543	2.323
1.055	2.438
0.536	2.486
0.003	2.481
-0.494	2.57
-0.868	2.871
-1.025	3.359
-0.925	3.913
-0.603	4.433
-0.139	4.895
0.379	5.316
0.885	5.722
1.333	6.166
1.714	6.699
2.046	7.293
2.362	7.817
2.681	8.119
3.007	8.123
3.306	7.878
3.516	7.493
3.562	7.043
3.406	6.553
3.096	6.023
2.747	5.405
2.458	4.625
2.253	3.661
2.081	2.563
1.885	1.409
1.666	0.263
1.471	-0.82
1.348	-1.768
1.314	-2.484
1.358	-2.867
1.453	-2.868
1.579	-2.534
1.727	-1.993
1.9	-1.385
2.074	-0.801
2.206	-0.263
2.293	0.265
2.361	0.828
2.428	1.419
2.491	1.963
2.538	2.416
2.565	2.844
2.569	3.343
2.55	3.905
2.515	4.391
2.471	4.671
2.409	4.739
2.311	4.68
2.183	4.567
2.04	4.422
1.893	4.228
1.759	3.959
1.656	3.611
1.602	3.24
1.603	2.927
1.652	2.716
1.738	2.575
1.845	2.396
1.962	2.059
2.083	1.526
2.195	0.874
2.26	0.245
2.238	-0.245
2.141	-0.558
2.023	-0.729
1.924	-0.822
1.836	-0.863
1.724	-0.804
1.577	-0.572
1.421	-0.173
1.291	0.275
1.209	0.646
1.187	0.905
1.225	1.104
1.328	1.267
1.498	1.362
1.723	1.392
1.962	1.465
2.166	1.714
2.321	2.177
2.445	2.782
2.559	3.406
2.661	3.904
2.744	4.159
2.81	4.108
2.865	3.736
2.907	3.095
2.917	2.341
2.878	1.722
2.803	1.427
2.732	1.456
2.692	1.646
2.671	1.835
2.636	1.935
2.572	1.87
2.465	1.569
2.283	1.044
1.999	0.413
1.634	-0.164
1.262	-0.561
0.955	-0.739
0.752	-0.752
0.654	-0.694
0.653	-0.606
0.746	-0.472
0.918	-0.295
1.131	-0.153
1.349	-0.133
1.566	-0.216
1.796	-0.276
2.055	-0.198
2.343	0.033
2.635	0.39
2.901	0.872
3.12	1.464
3.293	2.078
3.416	2.605
3.468	3.008
3.424	3.34
3.288	3.657
3.09	3.957
2.859	4.191
2.625	4.312
2.418	4.282
2.246	4.096
2.08	3.801
1.88	3.453
1.633	3.067
1.361	2.627
1.099	2.148
0.862	1.666
0.653	1.204
0.481	0.764
0.355	0.351
0.285	-0.025
0.278	-0.34
0.343	-0.547
0.476	-0.587
0.648	-0.411
0.826	-0.033
1.003	0.459
1.196	0.953
1.423	1.377
1.679	1.701
1.944	1.91
2.182	2.047
2.354	2.194
2.441	2.404
2.453	2.646
2.417	2.877
2.362	3.126
2.289	3.44
2.186	3.784
2.045	4.04
1.89	4.129
1.764	4.042
1.704	3.814
1.715	3.491
1.773	3.139
1.846	2.804
1.907	2.482
1.95	2.132
1.987	1.735
2.035	1.307
2.096	0.9
2.149	0.57
2.153	0.348
2.085	0.207
1.955	0.063
1.779	-0.168
1.56	-0.514
1.299	-0.932
1.021	-1.352
0.767	-1.721
0.558	-2.014
0.397	-2.176
0.297	-2.123
0.279	-1.819
0.344	-1.353
0.461	-0.881
0.596	-0.526
0.741	-0.341
0.896	-0.316
1.056	-0.374
1.213	-0.398
1.375	-0.304
1.551	-0.083
1.743	0.225
1.947	0.605
2.161	1.063
2.368	1.571
2.532	2.074
2.613	2.555
2.601	3.048
2.515	3.565
2.38	4.039
2.218	4.388
2.056	4.594
1.929	4.684
1.856	4.676
1.83	4.596
1.829	4.512
1.857	4.476
1.932	4.435
2.056	4.262
2.21	3.887
2.379	3.337
2.563	2.656
2.762	1.869
2.96	1.037
3.135	0.299
3.271	-0.208
3.353	-0.466
3.359	-0.581
3.257	-0.668
3.025	-0.741
2.679	-0.731
2.266	-0.6
1.853	-0.393
1.506	-0.196
1.242	-0.063
1.029	0.004
0.841	0.046
0.692	0.152
0.605	0.426
0.582	0.925
0.616	1.609
0.722	2.368
0.915	3.079
1.191	3.666
1.525	4.111
1.888	4.431
2.251	4.641
2.587	4.741
2.87	4.737
3.068	4.636
3.154	4.438
3.123	4.141
3.007	3.761
2.871	3.331
2.771	2.875
2.709	2.38
2.635	1.817
2.501	1.176
2.292	0.504
2.043	-0.134
1.808	-0.701
1.623	-1.208
1.496	-1.672
1.422	-2.085
1.398	-2.394
1.424	-2.542
1.496	-2.522
1.597	-2.369
1.697	-2.115
1.773	-1.797
1.831	-1.464
1.896	-1.128
1.988	-0.745
2.112	-0.276
2.252	0.245
2.389	0.76
2.511	1.288
2.612	1.914
2.689	2.695
2.748	3.598
2.793	4.504
2.825	5.284
2.837	5.853
2.836	6.2
2.836	6.362
2.837	6.365
2.81	6.194
2.723	5.858
2.577	5.42
2.406	4.94
2.257	4.425
2.159	3.859
2.109	3.251
2.083	2.647
2.061	2.084
2.038	1.564
2.022	1.075
2.022	0.632
2.047	0.263
2.113	-0.006
2.234	-0.165
2.399	-0.225
2.579	-0.227
2.732	-0.19
2.82	-0.037
2.815	0.344
2.72	0.964
2.568	1.677
2.404	2.3
2.254	2.748
2.118	3.047
1.985	3.267
1.842	3.456
1.687	3.641
1.518	3.862
1.35	4.14
1.207	4.436
1.121	4.684
1.121	4.849
1.238	4.933
1.496	4.899
1.865	4.684
2.258	4.292
2.576	3.833
2.777	3.422
2.874	3.082
2.911	2.762
2.94	2.432
2.987	2.126
3.044	1.874
3.072	1.644
3.023	1.362
2.862	1.01
2.583	0.641
2.211	0.324
1.795	0.101
1.387	0.005
1.027	0.047
0.744	0.193
0.544	0.376
0.415	0.574
0.33	0.816
0.267	1.103
0.223	1.357
0.228	1.482
0.331	1.473
0.563	1.418
0.915	1.394
1.354	1.409
1.833	1.448
2.315	1.505
2.772	1.529
3.186	1.419
3.559	1.13
3.893	0.736
4.192	0.353
4.443	0.048
4.6	-0.154
4.625	-0.259
4.498	-0.298
4.221	-0.296
3.818	-0.231
3.343	-0.044
2.876	0.277
2.492	0.68
2.227	1.105
2.051	1.538
1.895	1.964
1.706	2.334
1.472	2.614
1.23	2.845
1.053	3.103
1.015	3.401
1.161	3.691
1.462	3.922
1.833	4.044
2.177	3.999
2.428	3.746
2.562	3.284
2.604	2.645
2.61	1.884
2.634	1.094
2.699	0.396
2.79	-0.126
2.873	-0.465
2.912	-0.67
2.866	-0.797
2.708	-0.888
2.447	-0.958
2.141	-0.998
1.864	-0.982
1.683	-0.88
1.636	-0.682
1.72	-0.407
1.878	-0.065
2.021	0.356
2.093	0.825
2.099	1.251
2.075	1.555
2.051	1.741
2.062	1.86
2.135	1.933
2.27	1.928
2.425	1.826
2.531	1.687
2.541	1.612
2.457	1.633
2.315	1.672
2.168	1.63
2.067	1.479
2.047	1.256
2.111	0.996
2.215	0.731
2.302	0.52
2.336	0.415
2.312	0.436
2.244	0.557
2.168	0.718
2.125	0.849
2.142	0.918
2.219	0.935
2.334	0.908
2.439	0.837
2.486	0.734
2.453	0.619
2.368	0.487
2.289	0.3
2.26	0.043
2.294	-0.243
2.377	-0.469
2.482	-0.552
2.588	-0.486
2.681	-0.335
2.757	-0.17
2.817	-0.014
2.863	0.143
2.895	0.319
2.919	0.533
2.94	0.798
2.956	1.117
2.967	1.495
2.97	1.94
2.953	2.445
2.894	2.989
2.78	3.534
2.631	4.04
2.484	4.462
2.364	4.77
2.279	4.943
2.23	4.956
2.218	4.761
2.245	4.337
2.297	3.754
2.336	3.162
2.329	2.704
2.272	2.43
2.183	2.296
2.093	2.235
2.031	2.207
2.018	2.195
2.05	2.178
2.097	2.131
2.127	2.036
2.134	1.911
2.129	1.812
2.137	1.81
2.181	1.919
2.276	2.094
2.418	2.3
2.583	2.566
2.739	2.938
2.863	3.378
2.942	3.763
2.955	3.973
2.888	3.982
2.76	3.883
2.618	3.816
2.509	3.876
2.44	4.078
2.383	4.37
2.32	4.683
2.25	4.951
2.17	5.112
2.081	5.117
1.998	4.926
1.957	4.541
1.994	4.029
2.105	3.48
2.249	2.942
2.383	2.412
2.481	1.878
2.554	1.351
2.631	0.818
2.742	0.235
2.89	-0.426
3.061	-1.131
3.244	-1.798
3.433	-2.365
3.607	-2.821
3.72	-3.17
3.725	-3.379
3.61	-3.381
3.42	-3.104
3.22	-2.557
3.045	-1.857
2.884	-1.175
2.707	-0.614
2.501	-0.183
2.266	0.185
2.003	0.586
1.729	1.091
1.49	1.695
1.338	2.336
1.286	2.951
1.315	3.496
1.406	3.941
1.553	4.251
1.748	4.386
1.971	4.321
2.182	4.085
2.341	3.753
2.428	3.384
2.451	2.994
2.445	2.571
2.45	2.105
2.497	1.607
2.584	1.144
2.68	0.798
2.744	0.593
2.752	0.452
2.708	0.264
2.622	-0.01
2.519	-0.317
2.429	-0.582
2.377	-0.755
2.351	-0.8
2.321	-0.697
2.256	-0.456
2.157	-0.127
2.044	0.23
1.931	0.578
1.823	0.897
1.729	1.179
1.671	1.428
1.674	1.671
1.733	1.963
1.825	2.342
1.926	2.784
2.019	3.224
2.096	3.61
2.171	3.899
2.282	4.028
2.443	3.934
2.621	3.628
2.759	3.201
2.833	2.748
2.846	2.322
2.809	1.941
2.734	1.599
2.65	1.251
2.588	0.853
2.553	0.397
2.513	-0.089
2.438	-0.584
2.332	-1.07
2.222	-1.508
2.126	-1.859
2.049	-2.115
1.999	-2.28
1.998	-2.328
2.058	-2.192
2.162	-1.812
2.279	-1.185
2.382	-0.392
2.452	0.42
2.474	1.106
2.455	1.588
2.42	1.875
2.396	2.035
2.39	2.159
2.398	2.341
2.42	2.641
2.453	3.053
2.487	3.494
2.503	3.847
2.498	4.021
2.488	3.979
2.494	3.714
2.52	3.231
2.542	2.579
2.534	1.859
2.487	1.182
2.406	0.641
2.299	0.302
2.164	0.198
2.015	0.311
1.882	0.567
1.791	0.858
1.751	1.083
1.759	1.178
1.806	1.143
1.878	1.056
1.962	1.039
2.059	1.185
2.178	1.501
2.322	1.926
2.49	2.393
2.678	2.844
2.884	3.204
3.085	3.366
3.249	3.251
3.346	2.876
3.374	2.354
3.348	1.815
3.289	1.35
3.199	1.01
3.075	0.816
2.93	0.741
2.788	0.711
2.661	0.655
2.534	0.548
2.379	0.389
2.193	0.169
1.994	-0.104
1.807	-0.36
1.655	-0.48
1.559	-0.394
1.535	-0.132
1.581	0.231
1.678	0.643
1.813	1.068
1.986	1.432
2.192	1.649
2.406	1.68
2.605	1.574
2.782	1.424
2.941	1.285
3.074	1.175
3.163	1.119
3.196	1.17
3.162	1.359
3.05	1.623
2.856	1.832
2.605	1.885
2.342	1.754
2.097	1.465
1.87	1.085
1.659	0.721
1.477	0.461
1.353	0.314
1.296	0.246
1.299	0.225
1.353	0.258
1.463	0.371
1.637	0.569
1.872	0.819
2.14	1.058
2.409	1.233
2.651	1.335
2.84	1.399
2.965	1.469
3.03	1.562
3.054	1.675
3.054	1.806
3.043	1.962
3.014	2.117
2.945	2.207
2.809	2.176
2.6	1.999
2.34	1.683
2.072	1.252
1.843	0.768
1.683	0.323
1.591	-0.0003857
1.554	-0.158
1.551	-0.165
1.574	-0.09
1.62	0.002
1.68	0.076
1.753	0.115
1.847	0.103
1.97	0.043
2.12	-0.026
2.281	-0.026
2.433	0.086
2.559	0.3
2.652	0.578
2.708	0.867
2.734	1.104
2.744	1.239
2.742	1.289
2.718	1.324
2.653	1.422
2.547	1.612
2.42	1.858
2.283	2.079
2.137	2.188
1.998	2.13
1.895	1.908
1.85	1.584
1.86	1.244
1.913	0.956
1.998	0.726
2.098	0.509
2.194	0.265
2.27	-0.009
2.331	-0.281
2.392	-0.494
2.456	-0.581
2.5	-0.508
2.497	-0.302
2.439	-0.018
2.339	0.323
2.22	0.716
2.106	1.127
2.01	1.493
1.936	1.783
1.882	2.031
1.846	2.287
1.827	2.554
1.825	2.78
1.854	2.916
1.929	2.943
2.051	2.851
2.186	2.615
2.302	2.244
2.387	1.813
2.45	1.426
2.511	1.132
2.588	0.904
2.693	0.692
2.822	0.478
2.956	0.266
3.072	0.051
3.156	-0.18
3.201	-0.417
3.204	-0.622
3.155	-0.754
3.04	-0.787
2.872	-0.715
2.689	-0.552
2.521	-0.321
2.362	-0.047
2.187	0.24
1.985	0.518
1.776	0.773
1.591	1.002
1.454	1.222
1.384	1.47
1.397	1.77
1.493	2.099
1.65	2.423
1.842	2.721
2.044	2.998
2.234	3.237
2.394	3.411
2.52	3.518
2.619	3.597
2.701	3.658
2.777	3.633
2.849	3.439
2.903	3.064
2.91	2.6
2.841	2.178
2.704	1.881
2.534	1.727
2.368	1.686
2.224	1.693
2.108	1.675
2.015	1.589
1.925	1.422
1.821	1.164
1.702	0.819
1.581	0.443
1.472	0.136
1.384	-0.019
1.335	0.003
1.364	0.182
1.496	0.481
1.716	0.829
1.967	1.119
2.185	1.27
2.333	1.28
2.409	1.234
2.447	1.221
2.487	1.288
2.552	1.434
2.636	1.629
2.723	1.827
2.794	1.982
2.833	2.059
2.818	2.054
2.75	1.975
2.647	1.816
2.537	1.576
2.452	1.281
2.41	0.987
2.413	0.753
2.445	0.608
2.481	0.537
2.49	0.514
2.45	0.51
2.351	0.505
2.211	0.515
2.068	0.587
1.958	0.736
1.904	0.925
1.912	1.097
1.959	1.245
2.005	1.399
2.015	1.577
1.986	1.767
1.942	1.954
1.919	2.125
1.947	2.271
2.036	2.38
2.172	2.447
2.323	2.458
2.458	2.394
2.561	2.256
2.628	2.058
2.66	1.809
2.666	1.52
2.665	1.222
2.679	0.946
2.723	0.715
2.783	0.559
2.825	0.511
2.817	0.554
2.744	0.631
2.614	0.697
2.45	0.769
2.28	0.908
2.135	1.161
2.038	1.512
1.984	1.911
1.931	2.319
1.844	2.719
1.719	3.109
1.582	3.477
1.465	3.784
1.399	3.98
1.407	4.046
1.487	4.009
1.604	3.9
1.718	3.714
1.811	3.41
1.884	2.978
1.946	2.469
2.007	1.947
2.07	1.444
2.139	0.978
2.219	0.571
2.317	0.221
2.428	-0.11
2.535	-0.463
2.612	-0.839
2.639	-1.184
2.616	-1.418
2.557	-1.493
2.482	-1.402
2.411	-1.166
2.359	-0.817
2.335	-0.404
2.328	0.029
2.314	0.436
2.267	0.793
2.182	1.096
2.083	1.362
2.002	1.61
1.954	1.852
1.933	2.087
1.932	2.284
1.947	2.393
1.972	2.393
1.99	2.296
2	2.1
2.01	1.803
2.017	1.428
2.011	1.028
2.001	0.631
2.013	0.209
2.06	-0.251
2.129	-0.692
2.197	-1.015
2.252	-1.164
2.287	-1.153
2.296	-1.016
2.283	-0.763
2.264	-0.408
2.251	0.008
2.238	0.448
2.215	0.892
2.188	1.308
2.17	1.65
2.166	1.918
2.174	2.167
2.18	2.45
2.175	2.756
2.163	3.015
2.159	3.154
2.172	3.116
2.202	2.878
2.227	2.474
2.22	2.005
2.169	1.578
2.089	1.239
2.013	0.975
1.967	0.765
1.955	0.615
1.97	0.534
2.002	0.526
2.039	0.587
2.078	0.708
2.117	0.857
2.157	0.989
2.204	1.07
2.257	1.097
2.309	1.107
2.345	1.154
2.354	1.273
2.335	1.44
2.288	1.591
2.21	1.686
2.101	1.733
1.981	1.74
1.883	1.677
1.829	1.513
1.806	1.295
1.789	1.124
1.767	1.069
1.75	1.11
1.757	1.154
1.795	1.121
1.859	0.996
1.949	0.83
2.072	0.682
2.234	0.588
2.423	0.568
2.612	0.625
2.767	0.731
2.871	0.825
2.915	0.858
2.901	0.843
2.843	0.828
2.768	0.833
2.69	0.833
2.606	0.811
2.505	0.794
2.379	0.833
2.227	0.945
2.051	1.085
1.861	1.176
1.681	1.166
1.542	1.075
1.455	0.989
1.42	1.004
1.436	1.163
1.5	1.428
1.602	1.705
1.718	1.901
1.822	1.979
1.92	1.96
2.031	1.883
2.157	1.789
2.279	1.736
2.386	1.78
2.481	1.916
2.575	2.068
2.655	2.155